Site      Frequencies
1      0.111111 0.333333 0.333333 0.222222 0.625000 0.062500 0.156250 0.156250 0.176471 0.176471 0.235294 0.411765 
2      0.100000 0.400000 0.300000 0.200000 0.400000 0.400000 0.100000 0.100000 0.300000 0.300000 0.300000 0.100000 
3      0.111111 0.333333 0.333333 0.222222 0.400000 0.400000 0.100000 0.100000 0.300000 0.200000 0.400000 0.100000 
4      0.100000 0.400000 0.300000 0.200000 0.400000 0.400000 0.100000 0.100000 0.300000 0.300000 0.300000 0.100000 
5      0.100000 0.400000 0.300000 0.200000 0.400000 0.400000 0.100000 0.100000 0.300000 0.300000 0.300000 0.100000 
6      0.100000 0.400000 0.300000 0.200000 0.400000 0.400000 0.100000 0.100000 0.300000 0.300000 0.300000 0.100000 
7      0.100000 0.400000 0.300000 0.200000 0.400000 0.400000 0.100000 0.100000 0.300000 0.300000 0.300000 0.100000 
8      0.100000 0.400000 0.300000 0.200000 0.400000 0.400000 0.100000 0.100000 0.300000 0.300000 0.300000 0.100000 
9      0.111111 0.333333 0.333333 0.222222 0.625000 0.062500 0.156250 0.156250 0.176471 0.176471 0.235294 0.411765 
10      0.100000 0.400000 0.300000 0.200000 0.400000 0.400000 0.100000 0.100000 0.300000 0.300000 0.300000 0.100000 
11      0.111111 0.333333 0.333333 0.222222 0.625000 0.062500 0.156250 0.156250 0.176471 0.176471 0.235294 0.411765 
12      0.100000 0.400000 0.300000 0.200000 0.400000 0.400000 0.100000 0.100000 0.300000 0.300000 0.300000 0.100000 
13      0.100000 0.400000 0.300000 0.200000 0.400000 0.400000 0.100000 0.100000 0.300000 0.300000 0.300000 0.100000 
14      0.111111 0.333333 0.333333 0.222222 0.625000 0.062500 0.156250 0.156250 0.176471 0.176471 0.235294 0.411765 
15      0.111111 0.333333 0.333333 0.222222 0.400000 0.400000 0.100000 0.100000 0.300000 0.200000 0.400000 0.100000 
16      0.100000 0.400000 0.300000 0.200000 0.400000 0.400000 0.100000 0.100000 0.300000 0.300000 0.300000 0.100000 
17      0.100000 0.400000 0.300000 0.200000 0.400000 0.400000 0.100000 0.100000 0.300000 0.300000 0.300000 0.100000 
18      0.100000 0.400000 0.300000 0.200000 0.400000 0.400000 0.100000 0.100000 0.300000 0.300000 0.300000 0.100000 
19      0.111111 0.333333 0.333333 0.222222 0.625000 0.062500 0.156250 0.156250 0.176471 0.176471 0.235294 0.411765 
20      0.100000 0.400000 0.300000 0.200000 0.400000 0.400000 0.100000 0.100000 0.300000 0.300000 0.300000 0.100000 
21      0.111111 0.333333 0.333333 0.222222 0.625000 0.062500 0.156250 0.156250 0.176471 0.176471 0.235294 0.411765 
22      0.111111 0.333333 0.333333 0.222222 0.400000 0.400000 0.100000 0.100000 0.300000 0.200000 0.400000 0.100000 
23      0.111111 0.333333 0.333333 0.222222 0.400000 0.400000 0.100000 0.100000 0.300000 0.200000 0.400000 0.100000 
24      0.100000 0.400000 0.300000 0.200000 0.400000 0.400000 0.100000 0.100000 0.300000 0.300000 0.300000 0.100000 
25      0.100000 0.400000 0.300000 0.200000 0.400000 0.400000 0.100000 0.100000 0.300000 0.300000 0.300000 0.100000 
26      0.111111 0.333333 0.333333 0.222222 0.400000 0.400000 0.100000 0.100000 0.300000 0.200000 0.400000 0.100000 
27      0.100000 0.400000 0.300000 0.200000 0.400000 0.400000 0.100000 0.100000 0.300000 0.300000 0.300000 0.100000 
28      0.111111 0.333333 0.333333 0.222222 0.400000 0.400000 0.100000 0.100000 0.300000 0.200000 0.400000 0.100000 
29      0.111111 0.333333 0.333333 0.222222 0.625000 0.062500 0.156250 0.156250 0.176471 0.176471 0.235294 0.411765 
30      0.111111 0.333333 0.333333 0.222222 0.625000 0.062500 0.156250 0.156250 0.176471 0.176471 0.235294 0.411765 
31      0.100000 0.400000 0.300000 0.200000 0.400000 0.400000 0.100000 0.100000 0.300000 0.300000 0.300000 0.100000 
32      0.111111 0.333333 0.333333 0.222222 0.625000 0.062500 0.156250 0.156250 0.176471 0.176471 0.235294 0.411765 
33      0.100000 0.400000 0.300000 0.200000 0.400000 0.400000 0.100000 0.100000 0.300000 0.300000 0.300000 0.100000 
34      0.111111 0.333333 0.333333 0.222222 0.400000 0.400000 0.100000 0.100000 0.300000 0.200000 0.400000 0.100000 
35      0.100000 0.400000 0.300000 0.200000 0.400000 0.400000 0.100000 0.100000 0.300000 0.300000 0.300000 0.100000 
36      0.100000 0.400000 0.300000 0.200000 0.400000 0.400000 0.100000 0.100000 0.300000 0.300000 0.300000 0.100000 
37      0.100000 0.400000 0.300000 0.200000 0.400000 0.400000 0.100000 0.100000 0.300000 0.300000 0.300000 0.100000 
38      0.111111 0.333333 0.333333 0.222222 0.625000 0.062500 0.156250 0.156250 0.176471 0.176471 0.235294 0.411765 
39      0.111111 0.333333 0.333333 0.222222 0.400000 0.400000 0.100000 0.100000 0.300000 0.200000 0.400000 0.100000 
40      0.111111 0.333333 0.333333 0.222222 0.625000 0.062500 0.156250 0.156250 0.176471 0.176471 0.235294 0.411765 
41      0.111111 0.333333 0.333333 0.222222 0.400000 0.400000 0.100000 0.100000 0.300000 0.200000 0.400000 0.100000 
42      0.111111 0.333333 0.333333 0.222222 0.625000 0.062500 0.156250 0.156250 0.176471 0.176471 0.235294 0.411765 
43      0.100000 0.400000 0.300000 0.200000 0.400000 0.400000 0.100000 0.100000 0.300000 0.300000 0.300000 0.100000 
44      0.111111 0.333333 0.333333 0.222222 0.400000 0.400000 0.100000 0.100000 0.300000 0.200000 0.400000 0.100000 
45      0.111111 0.333333 0.333333 0.222222 0.625000 0.062500 0.156250 0.156250 0.176471 0.176471 0.235294 0.411765 
46      0.100000 0.400000 0.300000 0.200000 0.400000 0.400000 0.100000 0.100000 0.300000 0.300000 0.300000 0.100000 
47      0.111111 0.333333 0.333333 0.222222 0.625000 0.062500 0.156250 0.156250 0.176471 0.176471 0.235294 0.411765 
48      0.111111 0.333333 0.333333 0.222222 0.625000 0.062500 0.156250 0.156250 0.176471 0.176471 0.235294 0.411765 
49      0.111111 0.333333 0.333333 0.222222 0.625000 0.062500 0.156250 0.156250 0.176471 0.176471 0.235294 0.411765 
50      0.100000 0.400000 0.300000 0.200000 0.400000 0.400000 0.100000 0.100000 0.300000 0.300000 0.300000 0.100000 
51      0.111111 0.333333 0.333333 0.222222 0.625000 0.062500 0.156250 0.156250 0.176471 0.176471 0.235294 0.411765 
52      0.100000 0.400000 0.300000 0.200000 0.400000 0.400000 0.100000 0.100000 0.300000 0.300000 0.300000 0.100000 
53      0.100000 0.400000 0.300000 0.200000 0.400000 0.400000 0.100000 0.100000 0.300000 0.300000 0.300000 0.100000 
54      0.111111 0.333333 0.333333 0.222222 0.400000 0.400000 0.100000 0.100000 0.300000 0.200000 0.400000 0.100000 
55      0.111111 0.333333 0.333333 0.222222 0.625000 0.062500 0.156250 0.156250 0.176471 0.176471 0.235294 0.411765 
56      0.111111 0.333333 0.333333 0.222222 0.625000 0.062500 0.156250 0.156250 0.176471 0.176471 0.235294 0.411765 
57      0.111111 0.333333 0.333333 0.222222 0.400000 0.400000 0.100000 0.100000 0.300000 0.200000 0.400000 0.100000 
58      0.100000 0.400000 0.300000 0.200000 0.400000 0.400000 0.100000 0.100000 0.300000 0.300000 0.300000 0.100000 
59      0.111111 0.333333 0.333333 0.222222 0.625000 0.062500 0.156250 0.156250 0.176471 0.176471 0.235294 0.411765 
60      0.100000 0.400000 0.300000 0.200000 0.400000 0.400000 0.100000 0.100000 0.300000 0.300000 0.300000 0.100000 
61      0.100000 0.400000 0.300000 0.200000 0.400000 0.400000 0.100000 0.100000 0.300000 0.300000 0.300000 0.100000 
62      0.111111 0.333333 0.333333 0.222222 0.625000 0.062500 0.156250 0.156250 0.176471 0.176471 0.235294 0.411765 
63      0.111111 0.333333 0.333333 0.222222 0.400000 0.400000 0.100000 0.100000 0.300000 0.200000 0.400000 0.100000 
64      0.111111 0.333333 0.333333 0.222222 0.625000 0.062500 0.156250 0.156250 0.176471 0.176471 0.235294 0.411765 
65      0.100000 0.400000 0.300000 0.200000 0.400000 0.400000 0.100000 0.100000 0.300000 0.300000 0.300000 0.100000 
66      0.111111 0.333333 0.333333 0.222222 0.625000 0.062500 0.156250 0.156250 0.176471 0.176471 0.235294 0.411765 
67      0.111111 0.333333 0.333333 0.222222 0.625000 0.062500 0.156250 0.156250 0.176471 0.176471 0.235294 0.411765 
68      0.100000 0.400000 0.300000 0.200000 0.400000 0.400000 0.100000 0.100000 0.300000 0.300000 0.300000 0.100000 
69      0.111111 0.333333 0.333333 0.222222 0.400000 0.400000 0.100000 0.100000 0.300000 0.200000 0.400000 0.100000 
70      0.111111 0.333333 0.333333 0.222222 0.400000 0.400000 0.100000 0.100000 0.300000 0.200000 0.400000 0.100000 
71      0.111111 0.333333 0.333333 0.222222 0.400000 0.400000 0.100000 0.100000 0.300000 0.200000 0.400000 0.100000 
72      0.100000 0.400000 0.300000 0.200000 0.400000 0.400000 0.100000 0.100000 0.300000 0.300000 0.300000 0.100000 
73      0.100000 0.400000 0.300000 0.200000 0.400000 0.400000 0.100000 0.100000 0.300000 0.300000 0.300000 0.100000 
74      0.100000 0.400000 0.300000 0.200000 0.400000 0.400000 0.100000 0.100000 0.300000 0.300000 0.300000 0.100000 
75      0.111111 0.333333 0.333333 0.222222 0.625000 0.062500 0.156250 0.156250 0.176471 0.176471 0.235294 0.411765 
76      0.100000 0.400000 0.300000 0.200000 0.400000 0.400000 0.100000 0.100000 0.300000 0.300000 0.300000 0.100000 
77      0.100000 0.400000 0.300000 0.200000 0.400000 0.400000 0.100000 0.100000 0.300000 0.300000 0.300000 0.100000 
78      0.100000 0.400000 0.300000 0.200000 0.400000 0.400000 0.100000 0.100000 0.300000 0.300000 0.300000 0.100000 
79      0.111111 0.333333 0.333333 0.222222 0.625000 0.062500 0.156250 0.156250 0.176471 0.176471 0.235294 0.411765 
80      0.111111 0.333333 0.333333 0.222222 0.625000 0.062500 0.156250 0.156250 0.176471 0.176471 0.235294 0.411765 
81      0.100000 0.400000 0.300000 0.200000 0.400000 0.400000 0.100000 0.100000 0.300000 0.300000 0.300000 0.100000 
82      0.111111 0.333333 0.333333 0.222222 0.400000 0.400000 0.100000 0.100000 0.300000 0.200000 0.400000 0.100000 
83      0.111111 0.333333 0.333333 0.222222 0.625000 0.062500 0.156250 0.156250 0.176471 0.176471 0.235294 0.411765 
84      0.100000 0.400000 0.300000 0.200000 0.400000 0.400000 0.100000 0.100000 0.300000 0.300000 0.300000 0.100000 
85      0.100000 0.400000 0.300000 0.200000 0.400000 0.400000 0.100000 0.100000 0.300000 0.300000 0.300000 0.100000 
86      0.111111 0.333333 0.333333 0.222222 0.400000 0.400000 0.100000 0.100000 0.300000 0.200000 0.400000 0.100000 
87      0.111111 0.333333 0.333333 0.222222 0.625000 0.062500 0.156250 0.156250 0.176471 0.176471 0.235294 0.411765 
88      0.111111 0.333333 0.333333 0.222222 0.400000 0.400000 0.100000 0.100000 0.300000 0.200000 0.400000 0.100000 
89      0.111111 0.333333 0.333333 0.222222 0.400000 0.400000 0.100000 0.100000 0.300000 0.200000 0.400000 0.100000 
90      0.111111 0.333333 0.333333 0.222222 0.625000 0.062500 0.156250 0.156250 0.176471 0.176471 0.235294 0.411765 
91      0.100000 0.400000 0.300000 0.200000 0.400000 0.400000 0.100000 0.100000 0.300000 0.300000 0.300000 0.100000 
92      0.111111 0.333333 0.333333 0.222222 0.625000 0.062500 0.156250 0.156250 0.176471 0.176471 0.235294 0.411765 
93      0.111111 0.333333 0.333333 0.222222 0.400000 0.400000 0.100000 0.100000 0.300000 0.200000 0.400000 0.100000 
94      0.100000 0.400000 0.300000 0.200000 0.400000 0.400000 0.100000 0.100000 0.300000 0.300000 0.300000 0.100000 
95      0.100000 0.400000 0.300000 0.200000 0.400000 0.400000 0.100000 0.100000 0.300000 0.300000 0.300000 0.100000 
96      0.100000 0.400000 0.300000 0.200000 0.400000 0.400000 0.100000 0.100000 0.300000 0.300000 0.300000 0.100000 
97      0.111111 0.333333 0.333333 0.222222 0.400000 0.400000 0.100000 0.100000 0.300000 0.200000 0.400000 0.100000 
98      0.100000 0.400000 0.300000 0.200000 0.400000 0.400000 0.100000 0.100000 0.300000 0.300000 0.300000 0.100000 
99      0.100000 0.400000 0.300000 0.200000 0.400000 0.400000 0.100000 0.100000 0.300000 0.300000 0.300000 0.100000 
100      0.111111 0.333333 0.333333 0.222222 0.625000 0.062500 0.156250 0.156250 0.176471 0.176471 0.235294 0.411765 
101      0.111111 0.333333 0.333333 0.222222 0.625000 0.062500 0.156250 0.156250 0.176471 0.176471 0.235294 0.411765 
102      0.100000 0.400000 0.300000 0.200000 0.400000 0.400000 0.100000 0.100000 0.300000 0.300000 0.300000 0.100000 
103      0.100000 0.400000 0.300000 0.200000 0.400000 0.400000 0.100000 0.100000 0.300000 0.300000 0.300000 0.100000 
104      0.111111 0.333333 0.333333 0.222222 0.625000 0.062500 0.156250 0.156250 0.176471 0.176471 0.235294 0.411765 
105      0.100000 0.400000 0.300000 0.200000 0.400000 0.400000 0.100000 0.100000 0.300000 0.300000 0.300000 0.100000 
106      0.111111 0.333333 0.333333 0.222222 0.400000 0.400000 0.100000 0.100000 0.300000 0.200000 0.400000 0.100000 
107      0.100000 0.400000 0.300000 0.200000 0.400000 0.400000 0.100000 0.100000 0.300000 0.300000 0.300000 0.100000 
108      0.100000 0.400000 0.300000 0.200000 0.400000 0.400000 0.100000 0.100000 0.300000 0.300000 0.300000 0.100000 
109      0.100000 0.400000 0.300000 0.200000 0.400000 0.400000 0.100000 0.100000 0.300000 0.300000 0.300000 0.100000 
110      0.100000 0.400000 0.300000 0.200000 0.400000 0.400000 0.100000 0.100000 0.300000 0.300000 0.300000 0.100000 
111      0.100000 0.400000 0.300000 0.200000 0.400000 0.400000 0.100000 0.100000 0.300000 0.300000 0.300000 0.100000 
112      0.111111 0.333333 0.333333 0.222222 0.400000 0.400000 0.100000 0.100000 0.300000 0.200000 0.400000 0.100000 
113      0.100000 0.400000 0.300000 0.200000 0.400000 0.400000 0.100000 0.100000 0.300000 0.300000 0.300000 0.100000 
114      0.111111 0.333333 0.333333 0.222222 0.625000 0.062500 0.156250 0.156250 0.176471 0.176471 0.235294 0.411765 
115      0.100000 0.400000 0.300000 0.200000 0.400000 0.400000 0.100000 0.100000 0.300000 0.300000 0.300000 0.100000 
116      0.100000 0.400000 0.300000 0.200000 0.400000 0.400000 0.100000 0.100000 0.300000 0.300000 0.300000 0.100000 
117      0.111111 0.333333 0.333333 0.222222 0.625000 0.062500 0.156250 0.156250 0.176471 0.176471 0.235294 0.411765 
118      0.100000 0.400000 0.300000 0.200000 0.400000 0.400000 0.100000 0.100000 0.300000 0.300000 0.300000 0.100000 
119      0.100000 0.400000 0.300000 0.200000 0.400000 0.400000 0.100000 0.100000 0.300000 0.300000 0.300000 0.100000 
120      0.111111 0.333333 0.333333 0.222222 0.400000 0.400000 0.100000 0.100000 0.300000 0.200000 0.400000 0.100000 
121      0.111111 0.333333 0.333333 0.222222 0.625000 0.062500 0.156250 0.156250 0.176471 0.176471 0.235294 0.411765 
122      0.100000 0.400000 0.300000 0.200000 0.400000 0.400000 0.100000 0.100000 0.300000 0.300000 0.300000 0.100000 
123      0.100000 0.400000 0.300000 0.200000 0.400000 0.400000 0.100000 0.100000 0.300000 0.300000 0.300000 0.100000 
124      0.100000 0.400000 0.300000 0.200000 0.400000 0.400000 0.100000 0.100000 0.300000 0.300000 0.300000 0.100000 
125      0.111111 0.333333 0.333333 0.222222 0.625000 0.062500 0.156250 0.156250 0.176471 0.176471 0.235294 0.411765 
126      0.111111 0.333333 0.333333 0.222222 0.625000 0.062500 0.156250 0.156250 0.176471 0.176471 0.235294 0.411765 
127      0.111111 0.333333 0.333333 0.222222 0.625000 0.062500 0.156250 0.156250 0.176471 0.176471 0.235294 0.411765 
128      0.100000 0.400000 0.300000 0.200000 0.400000 0.400000 0.100000 0.100000 0.300000 0.300000 0.300000 0.100000 
129      0.100000 0.400000 0.300000 0.200000 0.400000 0.400000 0.100000 0.100000 0.300000 0.300000 0.300000 0.100000 
130      0.111111 0.333333 0.333333 0.222222 0.400000 0.400000 0.100000 0.100000 0.300000 0.200000 0.400000 0.100000 
131      0.100000 0.400000 0.300000 0.200000 0.400000 0.400000 0.100000 0.100000 0.300000 0.300000 0.300000 0.100000 
132      0.111111 0.333333 0.333333 0.222222 0.625000 0.062500 0.156250 0.156250 0.176471 0.176471 0.235294 0.411765 
133      0.100000 0.400000 0.300000 0.200000 0.400000 0.400000 0.100000 0.100000 0.300000 0.300000 0.300000 0.100000 
134      0.100000 0.400000 0.300000 0.200000 0.400000 0.400000 0.100000 0.100000 0.300000 0.300000 0.300000 0.100000 
135      0.111111 0.333333 0.333333 0.222222 0.625000 0.062500 0.156250 0.156250 0.176471 0.176471 0.235294 0.411765 
136      0.111111 0.333333 0.333333 0.222222 0.625000 0.062500 0.156250 0.156250 0.176471 0.176471 0.235294 0.411765 
137      0.100000 0.400000 0.300000 0.200000 0.400000 0.400000 0.100000 0.100000 0.300000 0.300000 0.300000 0.100000 
138      0.100000 0.400000 0.300000 0.200000 0.400000 0.400000 0.100000 0.100000 0.300000 0.300000 0.300000 0.100000 
139      0.111111 0.333333 0.333333 0.222222 0.400000 0.400000 0.100000 0.100000 0.300000 0.200000 0.400000 0.100000 
140      0.111111 0.333333 0.333333 0.222222 0.625000 0.062500 0.156250 0.156250 0.176471 0.176471 0.235294 0.411765 
141      0.111111 0.333333 0.333333 0.222222 0.625000 0.062500 0.156250 0.156250 0.176471 0.176471 0.235294 0.411765 
142      0.111111 0.333333 0.333333 0.222222 0.625000 0.062500 0.156250 0.156250 0.176471 0.176471 0.235294 0.411765 
143      0.100000 0.400000 0.300000 0.200000 0.400000 0.400000 0.100000 0.100000 0.300000 0.300000 0.300000 0.100000 
144      0.100000 0.400000 0.300000 0.200000 0.400000 0.400000 0.100000 0.100000 0.300000 0.300000 0.300000 0.100000 
145      0.111111 0.333333 0.333333 0.222222 0.400000 0.400000 0.100000 0.100000 0.300000 0.200000 0.400000 0.100000 
146      0.100000 0.400000 0.300000 0.200000 0.400000 0.400000 0.100000 0.100000 0.300000 0.300000 0.300000 0.100000 
147      0.100000 0.400000 0.300000 0.200000 0.400000 0.400000 0.100000 0.100000 0.300000 0.300000 0.300000 0.100000 
148      0.100000 0.400000 0.300000 0.200000 0.400000 0.400000 0.100000 0.100000 0.300000 0.300000 0.300000 0.100000 
149      0.100000 0.400000 0.300000 0.200000 0.400000 0.400000 0.100000 0.100000 0.300000 0.300000 0.300000 0.100000 
150      0.111111 0.333333 0.333333 0.222222 0.400000 0.400000 0.100000 0.100000 0.300000 0.200000 0.400000 0.100000 
