

Dataset_1 Fragment_1 [1-145]
----------------- Nodes -------------------
  class  label index (left right anc) | NetNode[info]       (left right anc) |        time    time length   branch lenght
---------------------------------------------------------------------------------------------------------------
    root    15     2 (   3   15   -1) |     16[root]     (   12    13    -1) |     1458.89           0.00        0.000000
internal    13     3 (   5    6    2) |     12           (   10    11    16) |      227.64        1231.25        1.120438
internal     9     5 (   7    8    3) |     10           (    7     2    12) |      204.04          23.59        0.021471
     tip     8     7 (  -1   -1    5) |      7[seq00008] (   -1    -1    10) |        0.00         204.04        0.185678
     tip     3     8 (  -1   -1    5) |      2[seq00003] (   -1    -1    10) |        0.00         204.04        0.185678
internal    12     6 (   9   10    3) |     11           (    9     0    12) |      226.13           1.50        0.001368
internal    11     9 (  11   12    6) |      9           (    8     4    11) |      128.56          97.58        0.088796
internal    10    11 (  13   14    9) |      8           (    3     1     9) |      108.81          19.75        0.017969
     tip     4    13 (  -1   -1   11) |      3[seq00004] (   -1    -1     8) |        0.00         108.81        0.099017
     tip     2    14 (  -1   -1   11) |      1[seq00002] (   -1    -1     8) |        0.00         108.81        0.099017
     tip     5    12 (  -1   -1    9) |      4[seq00005] (   -1    -1     9) |        0.00         128.56        0.116986
     tip     1    10 (  -1   -1    6) |      0[seq00001] (   -1    -1    11) |        0.00         226.13        0.205782
internal    14    15 (  16   17    2) |     13           (    6     5    16) |      279.07        1179.82        1.073638
     tip     7    16 (  -1   -1   15) |      6[seq00007] (   -1    -1    13) |        0.00         279.07        0.253950
     tip     6    17 (  -1   -1   15) |      5[seq00006] (   -1    -1    13) |        0.00         279.07        0.253950


Dataset_1 Fragment_2 [146-150]
----------------- Nodes -------------------
  class  label index (left right anc) | NetNode[info]       (left right anc) |        time    time length   branch lenght
---------------------------------------------------------------------------------------------------------------
    root    15    18 (  22   25   -1) |     17[root]     (   13    12    -1) |     1953.33           0.00        0.000000
internal     9    22 (  23   24   18) |     13           (    6     5    17) |      279.07        1674.27        1.523584
     tip     7    23 (  -1   -1   22) |      6[seq00007] (   -1    -1    13) |        0.00         279.07        0.253950
     tip     6    24 (  -1   -1   22) |      5[seq00006] (   -1    -1    13) |        0.00         279.07        0.253950
internal    14    25 (  26   27   18) |     12           (   10    11    17) |      227.64        1725.70        1.570385
internal    10    26 (  28   29   25) |     10           (    7     2    12) |      204.04          23.59        0.021471
     tip     8    28 (  -1   -1   26) |      7[seq00008] (   -1    -1    10) |        0.00         204.04        0.185678
     tip     3    29 (  -1   -1   26) |      2[seq00003] (   -1    -1    10) |        0.00         204.04        0.185678
internal    13    27 (  30   31   25) |     11           (    9     0    12) |      226.13           1.50        0.001368
internal    12    30 (  32   33   27) |      9           (    8     4    11) |      128.56          97.58        0.088796
internal    11    32 (  34   35   30) |      8           (    3     1     9) |      108.81          19.75        0.017969
     tip     4    34 (  -1   -1   32) |      3[seq00004] (   -1    -1     8) |        0.00         108.81        0.099017
     tip     2    35 (  -1   -1   32) |      1[seq00002] (   -1    -1     8) |        0.00         108.81        0.099017
     tip     5    33 (  -1   -1   30) |      4[seq00005] (   -1    -1     9) |        0.00         128.56        0.116986
     tip     1    31 (  -1   -1   27) |      0[seq00001] (   -1    -1    11) |        0.00         226.13        0.205782
