

Dataset_1 Fragment_1 [1-150]
----------------- Nodes -----------------------
  class  label index (left right anc) | NetNode[info]       (left right anc) |        time    time length   branch lenght
---------------------------------------------------------------------------------------------------------------
    root    16     1 (   2    3   -1) |     14[root]     (   10    13    -1) |      906.41           0.00        0.000000
internal    10     2 (   4    5    1) |     10           (    3     1    14) |      106.79         799.62        0.567728
     tip     4     4 (  -1   -1    2) |      3[seq00004] (   -1    -1    10) |        0.00         106.79        0.075822
     tip     2     5 (  -1   -1    2) |      1[seq00002] (   -1    -1    10) |        0.00         106.79        0.075822
internal    15     3 (   6    7    1) |     13           (    9    12    14) |      718.80         187.61        0.133205
internal    12     6 (   8    9    3) |      9           (    8     4    13) |       55.59         663.20        0.470874
internal    11     8 (  10   11    6) |      8           (    5     6     9) |        6.14          49.45        0.035110
     tip     6    10 (  -1   -1    8) |      5[seq00006] (   -1    -1     8) |        0.00           6.14        0.004362
     tip     7    11 (  -1   -1    8) |      6[seq00007] (   -1    -1     8) |        0.00           6.14        0.004362
     tip     5     9 (  -1   -1    6) |      4[seq00005] (   -1    -1     9) |        0.00          55.59        0.039471
internal    14     7 (  12   13    3) |     12           (   11     2    13) |      460.43         258.37        0.183441
internal    13    12 (  14   15    7) |     11           (    7     0    12) |      107.21         353.22        0.250784
     tip     8    14 (  -1   -1   12) |      7[seq00008] (   -1    -1    11) |        0.00         107.21        0.076120
     tip     1    15 (  -1   -1   12) |      0[seq00001] (   -1    -1    11) |        0.00         107.21        0.076120
     tip     3    13 (  -1   -1    7) |      2[seq00003] (   -1    -1    12) |        0.00         460.43        0.326904
outgroup     9    17 (  -1   -1    1) |     15[outgroup] (   -1    -1    14) |        0.00         140.85        0.100000


Dataset_2 Fragment_1 [1-150]
----------------- Nodes -----------------------
  class  label index (left right anc) | NetNode[info]       (left right anc) |        time    time length   branch lenght
---------------------------------------------------------------------------------------------------------------
    root    16     1 (   2    3   -1) |     14[root]     (    9    13    -1) |     2192.71           0.00        0.000000
internal    11     2 (   4    5    1) |      9           (    6     8    14) |      202.11        1990.60        1.413326
     tip     7     4 (  -1   -1    2) |      6[seq00007] (   -1    -1     9) |        0.00         202.11        0.143501
internal    10     5 (   6    7    2) |      8           (    3     1     9) |        6.14         195.97        0.139140
     tip     4     6 (  -1   -1    5) |      3[seq00004] (   -1    -1     8) |        0.00           6.14        0.004361
     tip     2     7 (  -1   -1    5) |      1[seq00002] (   -1    -1     8) |        0.00           6.14        0.004361
internal    15     3 (   8    9    1) |     13           (   11    12    14) |     2169.06          23.65        0.016791
internal    12     8 (  10   11    3) |     11           (    4     2    13) |      819.73        1349.33        0.958027
     tip     5    10 (  -1   -1    8) |      4[seq00005] (   -1    -1    11) |        0.00         819.73        0.582009
     tip     3    11 (  -1   -1    8) |      2[seq00003] (   -1    -1    11) |        0.00         819.73        0.582009
internal    14     9 (  12   13    3) |     12           (   10     5    13) |      876.87        1292.19        0.917457
internal    13    12 (  14   15    9) |     10           (    7     0    12) |      327.89         548.98        0.389778
     tip     8    14 (  -1   -1   12) |      7[seq00008] (   -1    -1    10) |        0.00         327.89        0.232800
     tip     1    15 (  -1   -1   12) |      0[seq00001] (   -1    -1    10) |        0.00         327.89        0.232800
     tip     6    13 (  -1   -1    9) |      5[seq00006] (   -1    -1    12) |        0.00         876.87        0.622578
outgroup     9    17 (  -1   -1    1) |     15[outgroup] (   -1    -1    14) |        0.00         140.85        0.100000
