Site      Frequencies
1      0.500000 0.150000 0.150000 0.200000 
2      0.350000 0.150000 0.200000 0.300000 
3      0.250000 0.250000 0.270000 0.230000 
4      0.350000 0.150000 0.200000 0.300000 
5      0.350000 0.150000 0.200000 0.300000 
6      0.350000 0.150000 0.200000 0.300000 
7      0.350000 0.150000 0.200000 0.300000 
8      0.350000 0.150000 0.200000 0.300000 
9      0.500000 0.150000 0.150000 0.200000 
10      0.350000 0.150000 0.200000 0.300000 
11      0.500000 0.150000 0.150000 0.200000 
12      0.350000 0.150000 0.200000 0.300000 
13      0.350000 0.150000 0.200000 0.300000 
14      0.500000 0.150000 0.150000 0.200000 
15      0.250000 0.250000 0.270000 0.230000 
16      0.350000 0.150000 0.200000 0.300000 
17      0.350000 0.150000 0.200000 0.300000 
18      0.350000 0.150000 0.200000 0.300000 
19      0.500000 0.150000 0.150000 0.200000 
20      0.350000 0.150000 0.200000 0.300000 
21      0.500000 0.150000 0.150000 0.200000 
22      0.250000 0.250000 0.270000 0.230000 
23      0.250000 0.250000 0.270000 0.230000 
24      0.350000 0.150000 0.200000 0.300000 
25      0.350000 0.150000 0.200000 0.300000 
26      0.250000 0.250000 0.270000 0.230000 
27      0.350000 0.150000 0.200000 0.300000 
28      0.250000 0.250000 0.270000 0.230000 
29      0.187500 0.187500 0.375000 0.250000 
30      0.250000 0.250000 0.270000 0.230000 
31      0.350000 0.150000 0.200000 0.300000 
32      0.187500 0.187500 0.375000 0.250000 
33      0.350000 0.150000 0.200000 0.300000 
34      0.250000 0.250000 0.270000 0.230000 
35      0.350000 0.150000 0.200000 0.300000 
36      0.350000 0.150000 0.200000 0.300000 
37      0.350000 0.150000 0.200000 0.300000 
38      0.500000 0.150000 0.150000 0.200000 
39      0.250000 0.250000 0.270000 0.230000 
40      0.500000 0.150000 0.150000 0.200000 
41      0.250000 0.250000 0.270000 0.230000 
42      0.187500 0.187500 0.375000 0.250000 
43      0.350000 0.150000 0.200000 0.300000 
44      0.250000 0.250000 0.270000 0.230000 
45      0.250000 0.250000 0.270000 0.230000 
46      0.350000 0.150000 0.200000 0.300000 
47      0.187500 0.187500 0.375000 0.250000 
48      0.500000 0.150000 0.150000 0.200000 
49      0.500000 0.150000 0.150000 0.200000 
50      0.350000 0.150000 0.200000 0.300000 
51      0.500000 0.150000 0.150000 0.200000 
52      0.350000 0.150000 0.200000 0.300000 
53      0.350000 0.150000 0.200000 0.300000 
54      0.250000 0.250000 0.270000 0.230000 
55      0.187500 0.187500 0.375000 0.250000 
56      0.187500 0.187500 0.375000 0.250000 
57      0.250000 0.250000 0.270000 0.230000 
58      0.350000 0.150000 0.200000 0.300000 
59      0.500000 0.150000 0.150000 0.200000 
60      0.350000 0.150000 0.200000 0.300000 
61      0.350000 0.150000 0.200000 0.300000 
62      0.500000 0.150000 0.150000 0.200000 
63      0.250000 0.250000 0.270000 0.230000 
64      0.500000 0.150000 0.150000 0.200000 
65      0.350000 0.150000 0.200000 0.300000 
66      0.187500 0.187500 0.375000 0.250000 
67      0.500000 0.150000 0.150000 0.200000 
68      0.350000 0.150000 0.200000 0.300000 
69      0.250000 0.250000 0.270000 0.230000 
70      0.250000 0.250000 0.270000 0.230000 
71      0.250000 0.250000 0.270000 0.230000 
72      0.350000 0.150000 0.200000 0.300000 
73      0.350000 0.150000 0.200000 0.300000 
74      0.350000 0.150000 0.200000 0.300000 
75      0.250000 0.250000 0.270000 0.230000 
76      0.350000 0.150000 0.200000 0.300000 
77      0.350000 0.150000 0.200000 0.300000 
78      0.350000 0.150000 0.200000 0.300000 
79      0.187500 0.187500 0.375000 0.250000 
80      0.500000 0.150000 0.150000 0.200000 
81      0.350000 0.150000 0.200000 0.300000 
82      0.250000 0.250000 0.270000 0.230000 
83      0.250000 0.250000 0.270000 0.230000 
84      0.350000 0.150000 0.200000 0.300000 
85      0.350000 0.150000 0.200000 0.300000 
86      0.250000 0.250000 0.270000 0.230000 
87      0.500000 0.150000 0.150000 0.200000 
88      0.250000 0.250000 0.270000 0.230000 
89      0.250000 0.250000 0.270000 0.230000 
90      0.500000 0.150000 0.150000 0.200000 
91      0.350000 0.150000 0.200000 0.300000 
92      0.187500 0.187500 0.375000 0.250000 
93      0.250000 0.250000 0.270000 0.230000 
94      0.350000 0.150000 0.200000 0.300000 
95      0.350000 0.150000 0.200000 0.300000 
96      0.350000 0.150000 0.200000 0.300000 
97      0.250000 0.250000 0.270000 0.230000 
98      0.350000 0.150000 0.200000 0.300000 
99      0.350000 0.150000 0.200000 0.300000 
100      0.187500 0.187500 0.375000 0.250000 
101      0.187500 0.187500 0.375000 0.250000 
102      0.350000 0.150000 0.200000 0.300000 
103      0.350000 0.150000 0.200000 0.300000 
104      0.500000 0.150000 0.150000 0.200000 
105      0.350000 0.150000 0.200000 0.300000 
106      0.250000 0.250000 0.270000 0.230000 
107      0.350000 0.150000 0.200000 0.300000 
108      0.350000 0.150000 0.200000 0.300000 
109      0.350000 0.150000 0.200000 0.300000 
110      0.350000 0.150000 0.200000 0.300000 
111      0.350000 0.150000 0.200000 0.300000 
112      0.250000 0.250000 0.270000 0.230000 
113      0.350000 0.150000 0.200000 0.300000 
114      0.500000 0.150000 0.150000 0.200000 
115      0.350000 0.150000 0.200000 0.300000 
116      0.350000 0.150000 0.200000 0.300000 
117      0.500000 0.150000 0.150000 0.200000 
118      0.350000 0.150000 0.200000 0.300000 
119      0.350000 0.150000 0.200000 0.300000 
120      0.250000 0.250000 0.270000 0.230000 
121      0.500000 0.150000 0.150000 0.200000 
122      0.350000 0.150000 0.200000 0.300000 
123      0.350000 0.150000 0.200000 0.300000 
124      0.350000 0.150000 0.200000 0.300000 
125      0.500000 0.150000 0.150000 0.200000 
126      0.500000 0.150000 0.150000 0.200000 
127      0.187500 0.187500 0.375000 0.250000 
128      0.350000 0.150000 0.200000 0.300000 
129      0.350000 0.150000 0.200000 0.300000 
130      0.250000 0.250000 0.270000 0.230000 
131      0.350000 0.150000 0.200000 0.300000 
132      0.187500 0.187500 0.375000 0.250000 
133      0.350000 0.150000 0.200000 0.300000 
134      0.350000 0.150000 0.200000 0.300000 
135      0.187500 0.187500 0.375000 0.250000 
136      0.500000 0.150000 0.150000 0.200000 
137      0.350000 0.150000 0.200000 0.300000 
138      0.350000 0.150000 0.200000 0.300000 
139      0.250000 0.250000 0.270000 0.230000 
140      0.187500 0.187500 0.375000 0.250000 
141      0.187500 0.187500 0.375000 0.250000 
142      0.187500 0.187500 0.375000 0.250000 
143      0.350000 0.150000 0.200000 0.300000 
144      0.350000 0.150000 0.200000 0.300000 
145      0.250000 0.250000 0.270000 0.230000 
146      0.350000 0.150000 0.200000 0.300000 
147      0.350000 0.150000 0.200000 0.300000 
148      0.350000 0.150000 0.200000 0.300000 
149      0.350000 0.150000 0.200000 0.300000 
150      0.250000 0.250000 0.270000 0.230000 
