8 7_seq00008
8 0_seq00001
9 6_seq00007
9 3_seq00004
10 8
11 1_seq00002
11 10
12 10
12 2_seq00003
13 11
13 9
14 5_seq00006
15 13
16 14
17 14
18 16
18 17
19 16
19 18
20 12
21 17
22 15
22 4_seq00005
23 19
24 21
24 22
25 15
26 25
27 23
27 21
28 27
28 20
29 20
30 23
30 28
31 29
32 29
32 31
33 24
34 31
34 32
35 33
35 34
36 33
36 35
37 36
38 37
39 38
40 39
40 30
41 39
42 40
42 26
43 42
44 43
45 44
46 45
47 45
48 47
48 46
49 48
49 41
50 49
50 46
51 50
52 51
52 47
53 52
54 53
54 51
55 41
56 54
56 55
57 55
58 57
58 56
59 57
60 58
60 53
61 60
62 59
62 61
63 59
63 61
64 63
64 62
