

Dataset_1 Fragment_1 [1-4]
----------------- Nodes -------------------
  class  label index (left right anc) | NetNode[info]       (left right anc) |        time    time length   branch lenght
---------------------------------------------------------------------------------------------------------------
    root    16     1 (   5    3   -1) |     38[root]     (    9    37    -1) |     2985.79           0.00        0.000000
internal    10     5 (   6    7    1) |      9           (    7     3    38) |       98.31        2887.48        2.050112
     tip     8     6 (  -1   -1    5) |      7[seq00008] (   -1    -1     9) |        0.00          98.31        0.069797
     tip     4     7 (  -1   -1    5) |      3[seq00004] (   -1    -1     9) |        0.00          98.31        0.069797
internal    15     3 (  13   22    1) |     37           (   19    22    38) |     2983.89           1.89        0.001345
internal    11    13 (  16   18    3) |     19           (    6     2    37) |      603.06        2380.83        1.690391
     tip     7    16 (  -1   -1   13) |      6[seq00007] (   -1    -1    19) |        0.00         603.06        0.428173
     tip     3    18 (  -1   -1   13) |      2[seq00003] (   -1    -1    19) |        0.00         603.06        0.428173
internal    14    22 (  23   28    3) |     22           (    8    16    37) |      774.24        2209.65        1.568853
internal    12    23 (  25   26   22) |      8           (    1     5    22) |       18.94         755.30        0.536264
     tip     2    25 (  -1   -1   23) |      1[seq00002] (   -1    -1     8) |        0.00          18.94        0.013447
     tip     6    26 (  -1   -1   23) |      5[seq00006] (   -1    -1     8) |        0.00          18.94        0.013447
internal    13    28 (  31   30   22) |     16           (    0     4    22) |      456.66         317.59        0.225486
     tip     1    31 (  -1   -1   28) |      0[seq00001] (   -1    -1    16) |        0.00         456.66        0.324225
     tip     5    30 (  -1   -1   28) |      4[seq00005] (   -1    -1    16) |        0.00         456.66        0.324225
outgroup     9   278 (  -1   -1    1) |     39[outgroup] (   -1    -1    38) |        0.00         140.85        0.100000


Dataset_1 Fragment_2 [5-57]
----------------- Nodes -------------------
  class  label index (left right anc) | NetNode[info]       (left right anc) |        time    time length   branch lenght
---------------------------------------------------------------------------------------------------------------
    root    16    32 (  37   41   -1) |     38[root]     (    9    33    -1) |     2985.79           0.00        0.000000
internal    10    37 (  38   39   32) |      9           (    7     3    38) |       98.31        2887.48        2.050112
     tip     8    38 (  -1   -1   37) |      7[seq00008] (   -1    -1     9) |        0.00          98.31        0.069797
     tip     4    39 (  -1   -1   37) |      3[seq00004] (   -1    -1     9) |        0.00          98.31        0.069797
internal    15    41 (  47   58   32) |     33           (   22    19    38) |     2796.94         188.85        0.134080
internal    13    47 (  48   53   41) |     22           (    8    16    33) |      774.24        2022.70        1.436118
internal    11    48 (  50   51   47) |      8           (    1     5    22) |       18.94         755.30        0.536264
     tip     2    50 (  -1   -1   48) |      1[seq00002] (   -1    -1     8) |        0.00          18.94        0.013447
     tip     6    51 (  -1   -1   48) |      5[seq00006] (   -1    -1     8) |        0.00          18.94        0.013447
internal    12    53 (  56   55   47) |     16           (    0     4    22) |      456.66         317.59        0.225486
     tip     1    56 (  -1   -1   53) |      0[seq00001] (   -1    -1    16) |        0.00         456.66        0.324225
     tip     5    55 (  -1   -1   53) |      4[seq00005] (   -1    -1    16) |        0.00         456.66        0.324225
internal    14    58 (  61   63   41) |     19           (    6     2    33) |      603.06        2193.88        1.557656
     tip     7    61 (  -1   -1   58) |      6[seq00007] (   -1    -1    19) |        0.00         603.06        0.428173
     tip     3    63 (  -1   -1   58) |      2[seq00003] (   -1    -1    19) |        0.00         603.06        0.428173
outgroup     9   279 (  -1   -1   32) |     40[outgroup] (   -1    -1    38) |        0.00         140.85        0.100000


Dataset_1 Fragment_3 [58-71]
----------------- Nodes -------------------
  class  label index (left right anc) | NetNode[info]       (left right anc) |        time    time length   branch lenght
---------------------------------------------------------------------------------------------------------------
    root    16    64 (  69   75   -1) |     38[root]     (    9    30    -1) |     2985.79           0.00        0.000000
internal    10    69 (  70   71   64) |      9           (    7     3    38) |       98.31        2887.48        2.050112
     tip     8    70 (  -1   -1   69) |      7[seq00008] (   -1    -1     9) |        0.00          98.31        0.069797
     tip     4    71 (  -1   -1   69) |      3[seq00004] (   -1    -1     9) |        0.00          98.31        0.069797
internal    15    75 (  79   86   64) |     30           (   19    22    38) |     2691.71         294.07        0.208793
internal    11    79 (  82   84   75) |     19           (    6     2    30) |      603.06        2088.65        1.482944
     tip     7    82 (  -1   -1   79) |      6[seq00007] (   -1    -1    19) |        0.00         603.06        0.428173
     tip     3    84 (  -1   -1   79) |      2[seq00003] (   -1    -1    19) |        0.00         603.06        0.428173
internal    14    86 (  87   92   75) |     22           (    8    16    30) |      774.24        1917.47        1.361406
internal    12    87 (  89   90   86) |      8           (    1     5    22) |       18.94         755.30        0.536264
     tip     2    89 (  -1   -1   87) |      1[seq00002] (   -1    -1     8) |        0.00          18.94        0.013447
     tip     6    90 (  -1   -1   87) |      5[seq00006] (   -1    -1     8) |        0.00          18.94        0.013447
internal    13    92 (  95   94   86) |     16           (    0     4    22) |      456.66         317.59        0.225486
     tip     1    95 (  -1   -1   92) |      0[seq00001] (   -1    -1    16) |        0.00         456.66        0.324225
     tip     5    94 (  -1   -1   92) |      4[seq00005] (   -1    -1    16) |        0.00         456.66        0.324225
outgroup     9   280 (  -1   -1   64) |     41[outgroup] (   -1    -1    38) |        0.00         140.85        0.100000


Dataset_1 Fragment_4 [72-72]
----------------- Nodes -------------------
  class  label index (left right anc) | NetNode[info]       (left right anc) |        time    time length   branch lenght
---------------------------------------------------------------------------------------------------------------
    root    16    96 ( 101  108   -1) |     38[root]     (    9    29    -1) |     2985.79           0.00        0.000000
internal    10   101 ( 102  103   96) |      9           (    7     3    38) |       98.31        2887.48        2.050112
     tip     8   102 (  -1   -1  101) |      7[seq00008] (   -1    -1     9) |        0.00          98.31        0.069797
     tip     4   103 (  -1   -1  101) |      3[seq00004] (   -1    -1     9) |        0.00          98.31        0.069797
internal    15   108 ( 111  117   96) |     29           (   19    22    38) |     1060.63        1925.16        1.366865
internal    11   111 ( 114  116  108) |     19           (    6     2    29) |      603.06         457.57        0.324871
     tip     7   114 (  -1   -1  111) |      6[seq00007] (   -1    -1    19) |        0.00         603.06        0.428173
     tip     3   116 (  -1   -1  111) |      2[seq00003] (   -1    -1    19) |        0.00         603.06        0.428173
internal    14   117 ( 118  123  108) |     22           (    8    16    29) |      774.24         286.39        0.203333
internal    12   118 ( 120  121  117) |      8           (    1     5    22) |       18.94         755.30        0.536264
     tip     2   120 (  -1   -1  118) |      1[seq00002] (   -1    -1     8) |        0.00          18.94        0.013447
     tip     6   121 (  -1   -1  118) |      5[seq00006] (   -1    -1     8) |        0.00          18.94        0.013447
internal    13   123 ( 126  125  117) |     16           (    0     4    22) |      456.66         317.59        0.225486
     tip     1   126 (  -1   -1  123) |      0[seq00001] (   -1    -1    16) |        0.00         456.66        0.324225
     tip     5   125 (  -1   -1  123) |      4[seq00005] (   -1    -1    16) |        0.00         456.66        0.324225
outgroup     9   281 (  -1   -1   96) |     42[outgroup] (   -1    -1    38) |        0.00         140.85        0.100000


Dataset_1 Fragment_5 [73-116]
----------------- Nodes -------------------
  class  label index (left right anc) | NetNode[info]       (left right anc) |        time    time length   branch lenght
---------------------------------------------------------------------------------------------------------------
    root    16   127 ( 132  139   -1) |     38[root]     (    9    29    -1) |     2985.79           0.00        0.000000
internal    10   132 ( 133  134  127) |      9           (    7     3    38) |       98.31        2887.48        2.050112
     tip     8   133 (  -1   -1  132) |      7[seq00008] (   -1    -1     9) |        0.00          98.31        0.069797
     tip     4   134 (  -1   -1  132) |      3[seq00004] (   -1    -1     9) |        0.00          98.31        0.069797
internal    15   139 ( 144  148  127) |     29           (   12    22    38) |     1060.63        1925.16        1.366865
internal    11   144 ( 145  147  139) |     12           (    2     6    29) |      299.99         760.64        0.540054
     tip     3   145 (  -1   -1  144) |      2[seq00003] (   -1    -1    12) |        0.00         299.99        0.212991
     tip     7   147 (  -1   -1  144) |      6[seq00007] (   -1    -1    12) |        0.00         299.99        0.212991
internal    14   148 ( 149  154  139) |     22           (    8    16    29) |      774.24         286.39        0.203333
internal    12   149 ( 151  152  148) |      8           (    1     5    22) |       18.94         755.30        0.536264
     tip     2   151 (  -1   -1  149) |      1[seq00002] (   -1    -1     8) |        0.00          18.94        0.013447
     tip     6   152 (  -1   -1  149) |      5[seq00006] (   -1    -1     8) |        0.00          18.94        0.013447
internal    13   154 ( 157  156  148) |     16           (    0     4    22) |      456.66         317.59        0.225486
     tip     1   157 (  -1   -1  154) |      0[seq00001] (   -1    -1    16) |        0.00         456.66        0.324225
     tip     5   156 (  -1   -1  154) |      4[seq00005] (   -1    -1    16) |        0.00         456.66        0.324225
outgroup     9   282 (  -1   -1  127) |     43[outgroup] (   -1    -1    38) |        0.00         140.85        0.100000


Dataset_1 Fragment_6 [117-128]
----------------- Nodes -------------------
  class  label index (left right anc) | NetNode[info]       (left right anc) |        time    time length   branch lenght
---------------------------------------------------------------------------------------------------------------
    root    16   158 ( 162  176   -1) |     38[root]     (   28    29    -1) |     2985.79           0.00        0.000000
internal    12   162 ( 166  164  158) |     28           (   16     9    38) |      994.11        1991.67        1.414089
internal    10   166 ( 169  168  162) |     16           (    0     4    28) |      456.66         537.46        0.381595
     tip     1   169 (  -1   -1  166) |      0[seq00001] (   -1    -1    16) |        0.00         456.66        0.324225
     tip     5   168 (  -1   -1  166) |      4[seq00005] (   -1    -1    16) |        0.00         456.66        0.324225
internal    11   164 ( 170  171  162) |      9           (    7     3    28) |       98.31         895.81        0.636024
     tip     8   170 (  -1   -1  164) |      7[seq00008] (   -1    -1     9) |        0.00          98.31        0.069797
     tip     4   171 (  -1   -1  164) |      3[seq00004] (   -1    -1     9) |        0.00          98.31        0.069797
internal    15   176 ( 181  186  158) |     29           (   12     8    38) |     1060.63        1925.16        1.366865
internal    13   181 ( 182  184  176) |     12           (    2     6    29) |      299.99         760.64        0.540054
     tip     3   182 (  -1   -1  181) |      2[seq00003] (   -1    -1    12) |        0.00         299.99        0.212991
     tip     7   184 (  -1   -1  181) |      6[seq00007] (   -1    -1    12) |        0.00         299.99        0.212991
internal    14   186 ( 187  188  176) |      8           (    1     5    29) |       18.94        1041.69        0.739597
     tip     2   187 (  -1   -1  186) |      1[seq00002] (   -1    -1     8) |        0.00          18.94        0.013447
     tip     6   188 (  -1   -1  186) |      5[seq00006] (   -1    -1     8) |        0.00          18.94        0.013447
outgroup     9   283 (  -1   -1  158) |     44[outgroup] (   -1    -1    38) |        0.00         140.85        0.100000


Dataset_1 Fragment_7 [129-146]
----------------- Nodes -------------------
  class  label index (left right anc) | NetNode[info]       (left right anc) |        time    time length   branch lenght
---------------------------------------------------------------------------------------------------------------
    root    16   191 ( 197  193   -1) |     36[root]     (   29    28    -1) |     2940.61           0.00        0.000000
internal    12   197 ( 202  207  191) |     29           (   12     8    36) |     1060.63        1879.99        1.334790
internal    10   202 ( 203  205  197) |     12           (    2     6    29) |      299.99         760.64        0.540054
     tip     3   203 (  -1   -1  202) |      2[seq00003] (   -1    -1    12) |        0.00         299.99        0.212991
     tip     7   205 (  -1   -1  202) |      6[seq00007] (   -1    -1    12) |        0.00         299.99        0.212991
internal    11   207 ( 208  209  197) |      8           (    1     5    29) |       18.94        1041.69        0.739597
     tip     2   208 (  -1   -1  207) |      1[seq00002] (   -1    -1     8) |        0.00          18.94        0.013447
     tip     6   209 (  -1   -1  207) |      5[seq00006] (   -1    -1     8) |        0.00          18.94        0.013447
internal    15   193 ( 213  211  191) |     28           (   16     9    36) |      994.11        1946.50        1.382014
internal    13   213 ( 216  215  193) |     16           (    0     4    28) |      456.66         537.46        0.381595
     tip     1   216 (  -1   -1  213) |      0[seq00001] (   -1    -1    16) |        0.00         456.66        0.324225
     tip     5   215 (  -1   -1  213) |      4[seq00005] (   -1    -1    16) |        0.00         456.66        0.324225
internal    14   211 ( 217  218  193) |      9           (    7     3    28) |       98.31         895.81        0.636024
     tip     8   217 (  -1   -1  211) |      7[seq00008] (   -1    -1     9) |        0.00          98.31        0.069797
     tip     4   218 (  -1   -1  211) |      3[seq00004] (   -1    -1     9) |        0.00          98.31        0.069797
outgroup     9   284 (  -1   -1  191) |     45[outgroup] (   -1    -1    36) |        0.00         140.85        0.100000


Dataset_1 Fragment_8 [147-148]
----------------- Nodes -------------------
  class  label index (left right anc) | NetNode[info]       (left right anc) |        time    time length   branch lenght
---------------------------------------------------------------------------------------------------------------
    root    16   221 ( 227  245   -1) |     36[root]     (   29     9    -1) |     2940.61           0.00        0.000000
internal    14   227 ( 232  229  221) |     29           (   12    27    36) |     1060.63        1879.99        1.334790
internal    10   232 ( 233  235  227) |     12           (    2     6    29) |      299.99         760.64        0.540054
     tip     3   233 (  -1   -1  232) |      2[seq00003] (   -1    -1    12) |        0.00         299.99        0.212991
     tip     7   235 (  -1   -1  232) |      6[seq00007] (   -1    -1    12) |        0.00         299.99        0.212991
internal    13   229 ( 238  242  227) |     27           (   16     8    29) |      992.45          68.18        0.048404
internal    11   238 ( 241  240  229) |     16           (    0     4    27) |      456.66         535.80        0.380415
     tip     1   241 (  -1   -1  238) |      0[seq00001] (   -1    -1    16) |        0.00         456.66        0.324225
     tip     5   240 (  -1   -1  238) |      4[seq00005] (   -1    -1    16) |        0.00         456.66        0.324225
internal    12   242 ( 243  244  229) |      8           (    1     5    27) |       18.94         973.51        0.691193
     tip     2   243 (  -1   -1  242) |      1[seq00002] (   -1    -1     8) |        0.00          18.94        0.013447
     tip     6   244 (  -1   -1  242) |      5[seq00006] (   -1    -1     8) |        0.00          18.94        0.013447
internal    15   245 ( 246  247  221) |      9           (    7     3    36) |       98.31        2842.31        2.018038
     tip     8   246 (  -1   -1  245) |      7[seq00008] (   -1    -1     9) |        0.00          98.31        0.069797
     tip     4   247 (  -1   -1  245) |      3[seq00004] (   -1    -1     9) |        0.00          98.31        0.069797
outgroup     9   285 (  -1   -1  221) |     46[outgroup] (   -1    -1    36) |        0.00         140.85        0.100000


Dataset_1 Fragment_9 [149-150]
----------------- Nodes -------------------
  class  label index (left right anc) | NetNode[info]       (left right anc) |        time    time length   branch lenght
---------------------------------------------------------------------------------------------------------------
    root    16   250 ( 256  274   -1) |     36[root]     (   29     9    -1) |     2940.61           0.00        0.000000
internal    14   256 ( 260  258  250) |     29           (   15    27    36) |     1060.63        1879.99        1.334790
internal    11   260 ( 261  266  256) |     15           (   12     0    29) |      446.37         614.26        0.436122
internal    10   261 ( 263  265  260) |     12           (    2     6    15) |      299.99         146.38        0.103931
     tip     3   263 (  -1   -1  261) |      2[seq00003] (   -1    -1    12) |        0.00         299.99        0.212991
     tip     7   265 (  -1   -1  261) |      6[seq00007] (   -1    -1    12) |        0.00         299.99        0.212991
     tip     1   266 (  -1   -1  260) |      0[seq00001] (   -1    -1    15) |        0.00         446.37        0.316922
internal    13   258 ( 270  271  256) |     27           (    4     8    29) |      992.45          68.18        0.048404
     tip     5   270 (  -1   -1  258) |      4[seq00005] (   -1    -1    27) |        0.00         992.45        0.704640
internal    12   271 ( 272  273  258) |      8           (    1     5    27) |       18.94         973.51        0.691193
     tip     2   272 (  -1   -1  271) |      1[seq00002] (   -1    -1     8) |        0.00          18.94        0.013447
     tip     6   273 (  -1   -1  271) |      5[seq00006] (   -1    -1     8) |        0.00          18.94        0.013447
internal    15   274 ( 275  276  250) |      9           (    7     3    36) |       98.31        2842.31        2.018038
     tip     8   275 (  -1   -1  274) |      7[seq00008] (   -1    -1     9) |        0.00          98.31        0.069797
     tip     4   276 (  -1   -1  274) |      3[seq00004] (   -1    -1     9) |        0.00          98.31        0.069797
outgroup     9   286 (  -1   -1  250) |     47[outgroup] (   -1    -1    36) |        0.00         140.85        0.100000


Dataset_2 Fragment_1 [1-12]
----------------- Nodes -------------------
  class  label index (left right anc) | NetNode[info]       (left right anc) |        time    time length   branch lenght
---------------------------------------------------------------------------------------------------------------
    root    16    12 (  17   46   -1) |     54[root]     (   48     5    -1) |     3115.93           0.00        0.000000
internal    15    17 (  21   35   12) |     48           (   29    13    54) |     2727.57         388.36        0.275737
internal    12    21 (  24   23   17) |     29           (   14     4    48) |     1614.53        1113.04        0.790257
internal    11    24 (  27   26   21) |     14           (    1     9    29) |      827.70         786.83        0.558650
     tip     2    27 (  -1   -1   24) |      1[seq00002] (   -1    -1    14) |        0.00         827.70        0.587668
internal    10    26 (  28   29   24) |      9           (    6     3    14) |       22.10         805.60        0.571978
     tip     7    28 (  -1   -1   26) |      6[seq00007] (   -1    -1     9) |        0.00          22.10        0.015691
     tip     4    29 (  -1   -1   26) |      3[seq00004] (   -1    -1     9) |        0.00          22.10        0.015691
     tip     5    23 (  -1   -1   21) |      4[seq00005] (   -1    -1    29) |        0.00        1614.53        1.146318
internal    14    35 (  38   37   17) |     13           (    8     2    48) |      319.78        2407.79        1.709533
internal    13    38 (  39   40   35) |      8           (    7     0    13) |       18.94         300.84        0.213594
     tip     8    39 (  -1   -1   38) |      7[seq00008] (   -1    -1     8) |        0.00          18.94        0.013447
     tip     1    40 (  -1   -1   38) |      0[seq00001] (   -1    -1     8) |        0.00          18.94        0.013447
     tip     3    37 (  -1   -1   35) |      2[seq00003] (   -1    -1    13) |        0.00         319.78        0.227041
     tip     6    46 (  -1   -1   12) |      5[seq00006] (   -1    -1    54) |        0.00        3115.93        2.212311
outgroup     9  1259 (  -1   -1   12) |     90[outgroup] (   -1    -1    54) |        0.00         140.85        0.100000


Dataset_2 Fragment_2 [13-13]
----------------- Nodes -------------------
  class  label index (left right anc) | NetNode[info]       (left right anc) |        time    time length   branch lenght
---------------------------------------------------------------------------------------------------------------
    root    16    59 (  64   93   -1) |     54[root]     (   48     5    -1) |     3115.93           0.00        0.000000
internal    15    64 (  68   87   59) |     48           (   29     2    54) |     2727.57         388.36        0.275737
internal    14    68 (  71   70   64) |     29           (   14     4    48) |     1614.53        1113.04        0.790257
internal    13    71 (  72   73   68) |     14           (   12     9    29) |      827.70         786.83        0.558650
internal    11    72 (  74   76   71) |     12           (    1     8    14) |      244.02         583.68        0.414412
     tip     2    74 (  -1   -1   72) |      1[seq00002] (   -1    -1    12) |        0.00         244.02        0.173257
internal    10    76 (  77   78   72) |      8           (    7     0    12) |       18.94         225.08        0.159810
     tip     8    77 (  -1   -1   76) |      7[seq00008] (   -1    -1     8) |        0.00          18.94        0.013447
     tip     1    78 (  -1   -1   76) |      0[seq00001] (   -1    -1     8) |        0.00          18.94        0.013447
internal    12    73 (  79   80   71) |      9           (    6     3    14) |       22.10         805.60        0.571978
     tip     7    79 (  -1   -1   73) |      6[seq00007] (   -1    -1     9) |        0.00          22.10        0.015691
     tip     4    80 (  -1   -1   73) |      3[seq00004] (   -1    -1     9) |        0.00          22.10        0.015691
     tip     5    70 (  -1   -1   68) |      4[seq00005] (   -1    -1    29) |        0.00        1614.53        1.146318
     tip     3    87 (  -1   -1   64) |      2[seq00003] (   -1    -1    48) |        0.00        2727.57        1.936574
     tip     6    93 (  -1   -1   59) |      5[seq00006] (   -1    -1    54) |        0.00        3115.93        2.212311
outgroup     9  1260 (  -1   -1   59) |     91[outgroup] (   -1    -1    54) |        0.00         140.85        0.100000


Dataset_2 Fragment_3 [14-18]
----------------- Nodes -------------------
  class  label index (left right anc) | NetNode[info]       (left right anc) |        time    time length   branch lenght
---------------------------------------------------------------------------------------------------------------
    root    16   110 ( 113  137   -1) |     48[root]     (   32     2    -1) |     2727.57           0.00        0.000000
internal    15   113 ( 118  115  110) |     32           (    5    29    48) |     1806.96         920.61        0.653631
     tip     6   118 (  -1   -1  113) |      5[seq00006] (   -1    -1    32) |        0.00        1806.96        1.282943
internal    14   115 ( 121  120  113) |     29           (   14     4    32) |     1614.53         192.43        0.136625
internal    13   121 ( 122  123  115) |     14           (   12     9    29) |      827.70         786.83        0.558650
internal    11   122 ( 124  126  121) |     12           (    1     8    14) |      244.02         583.68        0.414412
     tip     2   124 (  -1   -1  122) |      1[seq00002] (   -1    -1    12) |        0.00         244.02        0.173257
internal    10   126 ( 127  128  122) |      8           (    7     0    12) |       18.94         225.08        0.159810
     tip     8   127 (  -1   -1  126) |      7[seq00008] (   -1    -1     8) |        0.00          18.94        0.013447
     tip     1   128 (  -1   -1  126) |      0[seq00001] (   -1    -1     8) |        0.00          18.94        0.013447
internal    12   123 ( 129  130  121) |      9           (    6     3    14) |       22.10         805.60        0.571978
     tip     7   129 (  -1   -1  123) |      6[seq00007] (   -1    -1     9) |        0.00          22.10        0.015691
     tip     4   130 (  -1   -1  123) |      3[seq00004] (   -1    -1     9) |        0.00          22.10        0.015691
     tip     5   120 (  -1   -1  115) |      4[seq00005] (   -1    -1    29) |        0.00        1614.53        1.146318
     tip     3   137 (  -1   -1  110) |      2[seq00003] (   -1    -1    48) |        0.00        2727.57        1.936574
outgroup     9  1261 (  -1   -1  110) |     92[outgroup] (   -1    -1    48) |        0.00         140.85        0.100000


Dataset_2 Fragment_4 [19-45]
----------------- Nodes -------------------
  class  label index (left right anc) | NetNode[info]       (left right anc) |        time    time length   branch lenght
---------------------------------------------------------------------------------------------------------------
    root    16   150 ( 155  186   -1) |     54[root]     (   48     5    -1) |     3115.93           0.00        0.000000
internal    15   155 ( 159  178  150) |     48           (   29     2    54) |     2727.57         388.36        0.275737
internal    14   159 ( 162  161  155) |     29           (   14     4    48) |     1614.53        1113.04        0.790257
internal    13   162 ( 163  164  159) |     14           (   12     9    29) |      827.70         786.83        0.558650
internal    11   163 ( 165  167  162) |     12           (    1     8    14) |      244.02         583.68        0.414412
     tip     2   165 (  -1   -1  163) |      1[seq00002] (   -1    -1    12) |        0.00         244.02        0.173257
internal    10   167 ( 168  169  163) |      8           (    7     0    12) |       18.94         225.08        0.159810
     tip     8   168 (  -1   -1  167) |      7[seq00008] (   -1    -1     8) |        0.00          18.94        0.013447
     tip     1   169 (  -1   -1  167) |      0[seq00001] (   -1    -1     8) |        0.00          18.94        0.013447
internal    12   164 ( 170  171  162) |      9           (    6     3    14) |       22.10         805.60        0.571978
     tip     7   170 (  -1   -1  164) |      6[seq00007] (   -1    -1     9) |        0.00          22.10        0.015691
     tip     4   171 (  -1   -1  164) |      3[seq00004] (   -1    -1     9) |        0.00          22.10        0.015691
     tip     5   161 (  -1   -1  159) |      4[seq00005] (   -1    -1    29) |        0.00        1614.53        1.146318
     tip     3   178 (  -1   -1  155) |      2[seq00003] (   -1    -1    48) |        0.00        2727.57        1.936574
     tip     6   186 (  -1   -1  150) |      5[seq00006] (   -1    -1    54) |        0.00        3115.93        2.212311
outgroup     9  1262 (  -1   -1  150) |     93[outgroup] (   -1    -1    54) |        0.00         140.85        0.100000


Dataset_2 Fragment_5 [46-48]
----------------- Nodes -------------------
  class  label index (left right anc) | NetNode[info]       (left right anc) |        time    time length   branch lenght
---------------------------------------------------------------------------------------------------------------
    root    16   199 ( 204  234   -1) |     54[root]     (   48     5    -1) |     3115.93           0.00        0.000000
internal    15   204 ( 208  226  199) |     48           (   29     2    54) |     2727.57         388.36        0.275737
internal    14   208 ( 211  210  204) |     29           (   14     4    48) |     1614.53        1113.04        0.790257
internal    13   211 ( 212  213  208) |     14           (   12     9    29) |      827.70         786.83        0.558650
internal    11   212 ( 214  216  211) |     12           (    1     8    14) |      244.02         583.68        0.414412
     tip     2   214 (  -1   -1  212) |      1[seq00002] (   -1    -1    12) |        0.00         244.02        0.173257
internal    10   216 ( 217  218  212) |      8           (    7     0    12) |       18.94         225.08        0.159810
     tip     8   217 (  -1   -1  216) |      7[seq00008] (   -1    -1     8) |        0.00          18.94        0.013447
     tip     1   218 (  -1   -1  216) |      0[seq00001] (   -1    -1     8) |        0.00          18.94        0.013447
internal    12   213 ( 219  220  211) |      9           (    6     3    14) |       22.10         805.60        0.571978
     tip     7   219 (  -1   -1  213) |      6[seq00007] (   -1    -1     9) |        0.00          22.10        0.015691
     tip     4   220 (  -1   -1  213) |      3[seq00004] (   -1    -1     9) |        0.00          22.10        0.015691
     tip     5   210 (  -1   -1  208) |      4[seq00005] (   -1    -1    29) |        0.00        1614.53        1.146318
     tip     3   226 (  -1   -1  204) |      2[seq00003] (   -1    -1    48) |        0.00        2727.57        1.936574
     tip     6   234 (  -1   -1  199) |      5[seq00006] (   -1    -1    54) |        0.00        3115.93        2.212311
outgroup     9  1263 (  -1   -1  199) |     94[outgroup] (   -1    -1    54) |        0.00         140.85        0.100000


Dataset_2 Fragment_6 [49-54]
----------------- Nodes -------------------
  class  label index (left right anc) | NetNode[info]       (left right anc) |        time    time length   branch lenght
---------------------------------------------------------------------------------------------------------------
    root    16   246 ( 247  275   -1) |     57[root]     (   54    14    -1) |     3367.75           0.00        0.000000
internal    11   247 ( 253  272  246) |     54           (   48     5    57) |     3115.93         251.82        0.178794
internal    10   253 ( 258  264  247) |     48           (    4     2    54) |     2727.57         388.36        0.275737
     tip     5   258 (  -1   -1  253) |      4[seq00005] (   -1    -1    48) |        0.00        2727.57        1.936574
     tip     3   264 (  -1   -1  253) |      2[seq00003] (   -1    -1    48) |        0.00        2727.57        1.936574
     tip     6   272 (  -1   -1  247) |      5[seq00006] (   -1    -1    54) |        0.00        3115.93        2.212311
internal    15   275 ( 276  277  246) |     14           (   12     9    57) |      827.70        2540.05        1.803437
internal    13   276 ( 278  280  275) |     12           (    1     8    14) |      244.02         583.68        0.414412
     tip     2   278 (  -1   -1  276) |      1[seq00002] (   -1    -1    12) |        0.00         244.02        0.173257
internal    12   280 ( 281  282  276) |      8           (    7     0    12) |       18.94         225.08        0.159810
     tip     8   281 (  -1   -1  280) |      7[seq00008] (   -1    -1     8) |        0.00          18.94        0.013447
     tip     1   282 (  -1   -1  280) |      0[seq00001] (   -1    -1     8) |        0.00          18.94        0.013447
internal    14   277 ( 283  284  275) |      9           (    6     3    14) |       22.10         805.60        0.571978
     tip     7   283 (  -1   -1  277) |      6[seq00007] (   -1    -1     9) |        0.00          22.10        0.015691
     tip     4   284 (  -1   -1  277) |      3[seq00004] (   -1    -1     9) |        0.00          22.10        0.015691
outgroup     9  1264 (  -1   -1  246) |     95[outgroup] (   -1    -1    57) |        0.00         140.85        0.100000


Dataset_2 Fragment_7 [55-61]
----------------- Nodes -------------------
  class  label index (left right anc) | NetNode[info]       (left right anc) |        time    time length   branch lenght
---------------------------------------------------------------------------------------------------------------
    root    16   296 ( 297  323   -1) |     57[root]     (   54    14    -1) |     3367.75           0.00        0.000000
internal    11   297 ( 303  320  296) |     54           (   48     5    57) |     3115.93         251.82        0.178794
internal    10   303 ( 308  314  297) |     48           (    4     2    54) |     2727.57         388.36        0.275737
     tip     5   308 (  -1   -1  303) |      4[seq00005] (   -1    -1    48) |        0.00        2727.57        1.936574
     tip     3   314 (  -1   -1  303) |      2[seq00003] (   -1    -1    48) |        0.00        2727.57        1.936574
     tip     6   320 (  -1   -1  297) |      5[seq00006] (   -1    -1    54) |        0.00        3115.93        2.212311
internal    15   323 ( 324  325  296) |     14           (   12     9    57) |      827.70        2540.05        1.803437
internal    13   324 ( 326  328  323) |     12           (    1     8    14) |      244.02         583.68        0.414412
     tip     2   326 (  -1   -1  324) |      1[seq00002] (   -1    -1    12) |        0.00         244.02        0.173257
internal    12   328 ( 329  330  324) |      8           (    7     0    12) |       18.94         225.08        0.159810
     tip     8   329 (  -1   -1  328) |      7[seq00008] (   -1    -1     8) |        0.00          18.94        0.013447
     tip     1   330 (  -1   -1  328) |      0[seq00001] (   -1    -1     8) |        0.00          18.94        0.013447
internal    14   325 ( 331  332  323) |      9           (    6     3    14) |       22.10         805.60        0.571978
     tip     7   331 (  -1   -1  325) |      6[seq00007] (   -1    -1     9) |        0.00          22.10        0.015691
     tip     4   332 (  -1   -1  325) |      3[seq00004] (   -1    -1     9) |        0.00          22.10        0.015691
outgroup     9  1265 (  -1   -1  296) |     96[outgroup] (   -1    -1    57) |        0.00         140.85        0.100000


Dataset_2 Fragment_8 [62-62]
----------------- Nodes -------------------
  class  label index (left right anc) | NetNode[info]       (left right anc) |        time    time length   branch lenght
---------------------------------------------------------------------------------------------------------------
    root    16   335 ( 344  363   -1) |     88[root]     (   48    57    -1) |     8234.44           0.00        0.000000
internal    10   344 ( 349  355  335) |     48           (    4     2    88) |     2727.57        5506.87        3.909880
     tip     5   349 (  -1   -1  344) |      4[seq00005] (   -1    -1    48) |        0.00        2727.57        1.936574
     tip     3   355 (  -1   -1  344) |      2[seq00003] (   -1    -1    48) |        0.00        2727.57        1.936574
internal    15   363 ( 372  375  335) |     57           (    5    14    88) |     3367.75        4866.69        3.455349
     tip     6   372 (  -1   -1  363) |      5[seq00006] (   -1    -1    57) |        0.00        3367.75        2.391105
internal    14   375 ( 376  377  363) |     14           (   12     9    57) |      827.70        2540.05        1.803437
internal    12   376 ( 378  380  375) |     12           (    1     8    14) |      244.02         583.68        0.414412
     tip     2   378 (  -1   -1  376) |      1[seq00002] (   -1    -1    12) |        0.00         244.02        0.173257
internal    11   380 ( 381  382  376) |      8           (    7     0    12) |       18.94         225.08        0.159810
     tip     8   381 (  -1   -1  380) |      7[seq00008] (   -1    -1     8) |        0.00          18.94        0.013447
     tip     1   382 (  -1   -1  380) |      0[seq00001] (   -1    -1     8) |        0.00          18.94        0.013447
internal    13   377 ( 383  384  375) |      9           (    6     3    14) |       22.10         805.60        0.571978
     tip     7   383 (  -1   -1  377) |      6[seq00007] (   -1    -1     9) |        0.00          22.10        0.015691
     tip     4   384 (  -1   -1  377) |      3[seq00004] (   -1    -1     9) |        0.00          22.10        0.015691
outgroup     9  1266 (  -1   -1  335) |     97[outgroup] (   -1    -1    88) |        0.00         140.85        0.100000


Dataset_2 Fragment_9 [63-66]
----------------- Nodes -------------------
  class  label index (left right anc) | NetNode[info]       (left right anc) |        time    time length   branch lenght
---------------------------------------------------------------------------------------------------------------
    root    16   385 ( 396  416   -1) |     89[root]     (   48    57    -1) |     8408.29           0.00        0.000000
internal    10   396 ( 401  407  385) |     48           (    4     2    89) |     2727.57        5680.72        4.033314
     tip     5   401 (  -1   -1  396) |      4[seq00005] (   -1    -1    48) |        0.00        2727.57        1.936574
     tip     3   407 (  -1   -1  396) |      2[seq00003] (   -1    -1    48) |        0.00        2727.57        1.936574
internal    15   416 ( 425  428  385) |     57           (    5    14    89) |     3367.75        5040.54        3.578784
     tip     6   425 (  -1   -1  416) |      5[seq00006] (   -1    -1    57) |        0.00        3367.75        2.391105
internal    14   428 ( 429  430  416) |     14           (   12     9    57) |      827.70        2540.05        1.803437
internal    12   429 ( 431  433  428) |     12           (    1     8    14) |      244.02         583.68        0.414412
     tip     2   431 (  -1   -1  429) |      1[seq00002] (   -1    -1    12) |        0.00         244.02        0.173257
internal    11   433 ( 434  435  429) |      8           (    7     0    12) |       18.94         225.08        0.159810
     tip     8   434 (  -1   -1  433) |      7[seq00008] (   -1    -1     8) |        0.00          18.94        0.013447
     tip     1   435 (  -1   -1  433) |      0[seq00001] (   -1    -1     8) |        0.00          18.94        0.013447
internal    13   430 ( 436  437  428) |      9           (    6     3    14) |       22.10         805.60        0.571978
     tip     7   436 (  -1   -1  430) |      6[seq00007] (   -1    -1     9) |        0.00          22.10        0.015691
     tip     4   437 (  -1   -1  430) |      3[seq00004] (   -1    -1     9) |        0.00          22.10        0.015691
outgroup     9  1267 (  -1   -1  385) |     98[outgroup] (   -1    -1    89) |        0.00         140.85        0.100000


Dataset_2 Fragment_10 [67-70]
----------------- Nodes -------------------
  class  label index (left right anc) | NetNode[info]       (left right anc) |        time    time length   branch lenght
---------------------------------------------------------------------------------------------------------------
    root    16   440 ( 449  468   -1) |     87[root]     (   48    57    -1) |     7683.39           0.00        0.000000
internal    10   449 ( 454  460  440) |     48           (    4     2    87) |     2727.57        4955.82        3.518632
     tip     5   454 (  -1   -1  449) |      4[seq00005] (   -1    -1    48) |        0.00        2727.57        1.936574
     tip     3   460 (  -1   -1  449) |      2[seq00003] (   -1    -1    48) |        0.00        2727.57        1.936574
internal    15   468 ( 477  480  440) |     57           (    5    14    87) |     3367.75        4315.64        3.064101
     tip     6   477 (  -1   -1  468) |      5[seq00006] (   -1    -1    57) |        0.00        3367.75        2.391105
internal    14   480 ( 481  482  468) |     14           (   12     9    57) |      827.70        2540.05        1.803437
internal    12   481 ( 483  485  480) |     12           (    1     8    14) |      244.02         583.68        0.414412
     tip     2   483 (  -1   -1  481) |      1[seq00002] (   -1    -1    12) |        0.00         244.02        0.173257
internal    11   485 ( 486  487  481) |      8           (    7     0    12) |       18.94         225.08        0.159810
     tip     8   486 (  -1   -1  485) |      7[seq00008] (   -1    -1     8) |        0.00          18.94        0.013447
     tip     1   487 (  -1   -1  485) |      0[seq00001] (   -1    -1     8) |        0.00          18.94        0.013447
internal    13   482 ( 488  489  480) |      9           (    6     3    14) |       22.10         805.60        0.571978
     tip     7   488 (  -1   -1  482) |      6[seq00007] (   -1    -1     9) |        0.00          22.10        0.015691
     tip     4   489 (  -1   -1  482) |      3[seq00004] (   -1    -1     9) |        0.00          22.10        0.015691
outgroup     9  1268 (  -1   -1  440) |     99[outgroup] (   -1    -1    87) |        0.00         140.85        0.100000


Dataset_2 Fragment_11 [71-82]
----------------- Nodes -------------------
  class  label index (left right anc) | NetNode[info]       (left right anc) |        time    time length   branch lenght
---------------------------------------------------------------------------------------------------------------
    root    16   492 ( 501  523   -1) |     87[root]     (   48    57    -1) |     7683.39           0.00        0.000000
internal    10   501 ( 506  512  492) |     48           (    4     2    87) |     2727.57        4955.82        3.518632
     tip     5   506 (  -1   -1  501) |      4[seq00005] (   -1    -1    48) |        0.00        2727.57        1.936574
     tip     3   512 (  -1   -1  501) |      2[seq00003] (   -1    -1    48) |        0.00        2727.57        1.936574
internal    15   523 ( 532  535  492) |     57           (    5    14    87) |     3367.75        4315.64        3.064101
     tip     6   532 (  -1   -1  523) |      5[seq00006] (   -1    -1    57) |        0.00        3367.75        2.391105
internal    14   535 ( 536  537  523) |     14           (   12     9    57) |      827.70        2540.05        1.803437
internal    12   536 ( 538  540  535) |     12           (    1     8    14) |      244.02         583.68        0.414412
     tip     2   538 (  -1   -1  536) |      1[seq00002] (   -1    -1    12) |        0.00         244.02        0.173257
internal    11   540 ( 541  542  536) |      8           (    7     0    12) |       18.94         225.08        0.159810
     tip     8   541 (  -1   -1  540) |      7[seq00008] (   -1    -1     8) |        0.00          18.94        0.013447
     tip     1   542 (  -1   -1  540) |      0[seq00001] (   -1    -1     8) |        0.00          18.94        0.013447
internal    13   537 ( 543  544  535) |      9           (    6     3    14) |       22.10         805.60        0.571978
     tip     7   543 (  -1   -1  537) |      6[seq00007] (   -1    -1     9) |        0.00          22.10        0.015691
     tip     4   544 (  -1   -1  537) |      3[seq00004] (   -1    -1     9) |        0.00          22.10        0.015691
outgroup     9  1269 (  -1   -1  492) |    100[outgroup] (   -1    -1    87) |        0.00         140.85        0.100000


Dataset_2 Fragment_12 [83-83]
----------------- Nodes -------------------
  class  label index (left right anc) | NetNode[info]       (left right anc) |        time    time length   branch lenght
---------------------------------------------------------------------------------------------------------------
    root    16   547 ( 556  578   -1) |     87[root]     (   48    57    -1) |     7683.39           0.00        0.000000
internal    10   556 ( 561  567  547) |     48           (    4     2    87) |     2727.57        4955.82        3.518632
     tip     5   561 (  -1   -1  556) |      4[seq00005] (   -1    -1    48) |        0.00        2727.57        1.936574
     tip     3   567 (  -1   -1  556) |      2[seq00003] (   -1    -1    48) |        0.00        2727.57        1.936574
internal    15   578 ( 586  589  547) |     57           (    5    14    87) |     3367.75        4315.64        3.064101
     tip     6   586 (  -1   -1  578) |      5[seq00006] (   -1    -1    57) |        0.00        3367.75        2.391105
internal    14   589 ( 590  591  578) |     14           (   12     9    57) |      827.70        2540.05        1.803437
internal    12   590 ( 592  594  589) |     12           (    1     8    14) |      244.02         583.68        0.414412
     tip     2   592 (  -1   -1  590) |      1[seq00002] (   -1    -1    12) |        0.00         244.02        0.173257
internal    11   594 ( 595  596  590) |      8           (    7     0    12) |       18.94         225.08        0.159810
     tip     8   595 (  -1   -1  594) |      7[seq00008] (   -1    -1     8) |        0.00          18.94        0.013447
     tip     1   596 (  -1   -1  594) |      0[seq00001] (   -1    -1     8) |        0.00          18.94        0.013447
internal    13   591 ( 597  598  589) |      9           (    6     3    14) |       22.10         805.60        0.571978
     tip     7   597 (  -1   -1  591) |      6[seq00007] (   -1    -1     9) |        0.00          22.10        0.015691
     tip     4   598 (  -1   -1  591) |      3[seq00004] (   -1    -1     9) |        0.00          22.10        0.015691
outgroup     9  1270 (  -1   -1  547) |    101[outgroup] (   -1    -1    87) |        0.00         140.85        0.100000


Dataset_2 Fragment_13 [84-88]
----------------- Nodes -------------------
  class  label index (left right anc) | NetNode[info]       (left right anc) |        time    time length   branch lenght
---------------------------------------------------------------------------------------------------------------
    root    16   601 ( 610  632   -1) |     87[root]     (   48    57    -1) |     7683.39           0.00        0.000000
internal    10   610 ( 615  621  601) |     48           (    4     2    87) |     2727.57        4955.82        3.518632
     tip     5   615 (  -1   -1  610) |      4[seq00005] (   -1    -1    48) |        0.00        2727.57        1.936574
     tip     3   621 (  -1   -1  610) |      2[seq00003] (   -1    -1    48) |        0.00        2727.57        1.936574
internal    15   632 ( 640  643  601) |     57           (    5    14    87) |     3367.75        4315.64        3.064101
     tip     6   640 (  -1   -1  632) |      5[seq00006] (   -1    -1    57) |        0.00        3367.75        2.391105
internal    14   643 ( 644  645  632) |     14           (   12     9    57) |      827.70        2540.05        1.803437
internal    12   644 ( 646  648  643) |     12           (    1     8    14) |      244.02         583.68        0.414412
     tip     2   646 (  -1   -1  644) |      1[seq00002] (   -1    -1    12) |        0.00         244.02        0.173257
internal    11   648 ( 649  650  644) |      8           (    7     0    12) |       18.94         225.08        0.159810
     tip     8   649 (  -1   -1  648) |      7[seq00008] (   -1    -1     8) |        0.00          18.94        0.013447
     tip     1   650 (  -1   -1  648) |      0[seq00001] (   -1    -1     8) |        0.00          18.94        0.013447
internal    13   645 ( 651  652  643) |      9           (    6     3    14) |       22.10         805.60        0.571978
     tip     7   651 (  -1   -1  645) |      6[seq00007] (   -1    -1     9) |        0.00          22.10        0.015691
     tip     4   652 (  -1   -1  645) |      3[seq00004] (   -1    -1     9) |        0.00          22.10        0.015691
outgroup     9  1271 (  -1   -1  601) |    102[outgroup] (   -1    -1    87) |        0.00         140.85        0.100000


Dataset_2 Fragment_14 [89-93]
----------------- Nodes -------------------
  class  label index (left right anc) | NetNode[info]       (left right anc) |        time    time length   branch lenght
---------------------------------------------------------------------------------------------------------------
    root    16   655 ( 664  686   -1) |     87[root]     (   48    57    -1) |     7683.39           0.00        0.000000
internal    10   664 ( 669  675  655) |     48           (    4     2    87) |     2727.57        4955.82        3.518632
     tip     5   669 (  -1   -1  664) |      4[seq00005] (   -1    -1    48) |        0.00        2727.57        1.936574
     tip     3   675 (  -1   -1  664) |      2[seq00003] (   -1    -1    48) |        0.00        2727.57        1.936574
internal    15   686 ( 694  697  655) |     57           (    5    14    87) |     3367.75        4315.64        3.064101
     tip     6   694 (  -1   -1  686) |      5[seq00006] (   -1    -1    57) |        0.00        3367.75        2.391105
internal    14   697 ( 698  699  686) |     14           (   12     9    57) |      827.70        2540.05        1.803437
internal    12   698 ( 700  702  697) |     12           (    1     8    14) |      244.02         583.68        0.414412
     tip     2   700 (  -1   -1  698) |      1[seq00002] (   -1    -1    12) |        0.00         244.02        0.173257
internal    11   702 ( 703  704  698) |      8           (    7     0    12) |       18.94         225.08        0.159810
     tip     8   703 (  -1   -1  702) |      7[seq00008] (   -1    -1     8) |        0.00          18.94        0.013447
     tip     1   704 (  -1   -1  702) |      0[seq00001] (   -1    -1     8) |        0.00          18.94        0.013447
internal    13   699 ( 705  706  697) |      9           (    6     3    14) |       22.10         805.60        0.571978
     tip     7   705 (  -1   -1  699) |      6[seq00007] (   -1    -1     9) |        0.00          22.10        0.015691
     tip     4   706 (  -1   -1  699) |      3[seq00004] (   -1    -1     9) |        0.00          22.10        0.015691
outgroup     9  1272 (  -1   -1  655) |    103[outgroup] (   -1    -1    87) |        0.00         140.85        0.100000


Dataset_2 Fragment_15 [94-96]
----------------- Nodes -------------------
  class  label index (left right anc) | NetNode[info]       (left right anc) |        time    time length   branch lenght
---------------------------------------------------------------------------------------------------------------
    root    16   709 ( 719  742   -1) |     87[root]     (   47    57    -1) |     7683.39           0.00        0.000000
internal    10   719 ( 724  729  709) |     47           (    4     2    87) |     2547.98        5135.41        3.646141
     tip     5   724 (  -1   -1  719) |      4[seq00005] (   -1    -1    47) |        0.00        2547.98        1.809066
     tip     3   729 (  -1   -1  719) |      2[seq00003] (   -1    -1    47) |        0.00        2547.98        1.809066
internal    15   742 ( 750  753  709) |     57           (    5    14    87) |     3367.75        4315.64        3.064101
     tip     6   750 (  -1   -1  742) |      5[seq00006] (   -1    -1    57) |        0.00        3367.75        2.391105
internal    14   753 ( 754  755  742) |     14           (   12     9    57) |      827.70        2540.05        1.803437
internal    12   754 ( 756  758  753) |     12           (    1     8    14) |      244.02         583.68        0.414412
     tip     2   756 (  -1   -1  754) |      1[seq00002] (   -1    -1    12) |        0.00         244.02        0.173257
internal    11   758 ( 759  760  754) |      8           (    7     0    12) |       18.94         225.08        0.159810
     tip     8   759 (  -1   -1  758) |      7[seq00008] (   -1    -1     8) |        0.00          18.94        0.013447
     tip     1   760 (  -1   -1  758) |      0[seq00001] (   -1    -1     8) |        0.00          18.94        0.013447
internal    13   755 ( 761  762  753) |      9           (    6     3    14) |       22.10         805.60        0.571978
     tip     7   761 (  -1   -1  755) |      6[seq00007] (   -1    -1     9) |        0.00          22.10        0.015691
     tip     4   762 (  -1   -1  755) |      3[seq00004] (   -1    -1     9) |        0.00          22.10        0.015691
outgroup     9  1273 (  -1   -1  709) |    104[outgroup] (   -1    -1    87) |        0.00         140.85        0.100000


Dataset_2 Fragment_16 [97-102]
----------------- Nodes -------------------
  class  label index (left right anc) | NetNode[info]       (left right anc) |        time    time length   branch lenght
---------------------------------------------------------------------------------------------------------------
    root    16   765 ( 775  798   -1) |     87[root]     (   47    57    -1) |     7683.39           0.00        0.000000
internal    10   775 ( 780  785  765) |     47           (    4     2    87) |     2547.98        5135.41        3.646141
     tip     5   780 (  -1   -1  775) |      4[seq00005] (   -1    -1    47) |        0.00        2547.98        1.809066
     tip     3   785 (  -1   -1  775) |      2[seq00003] (   -1    -1    47) |        0.00        2547.98        1.809066
internal    15   798 ( 806  809  765) |     57           (    5    14    87) |     3367.75        4315.64        3.064101
     tip     6   806 (  -1   -1  798) |      5[seq00006] (   -1    -1    57) |        0.00        3367.75        2.391105
internal    14   809 ( 810  811  798) |     14           (   12     9    57) |      827.70        2540.05        1.803437
internal    12   810 ( 812  814  809) |     12           (    1     8    14) |      244.02         583.68        0.414412
     tip     2   812 (  -1   -1  810) |      1[seq00002] (   -1    -1    12) |        0.00         244.02        0.173257
internal    11   814 ( 815  816  810) |      8           (    7     0    12) |       18.94         225.08        0.159810
     tip     8   815 (  -1   -1  814) |      7[seq00008] (   -1    -1     8) |        0.00          18.94        0.013447
     tip     1   816 (  -1   -1  814) |      0[seq00001] (   -1    -1     8) |        0.00          18.94        0.013447
internal    13   811 ( 817  818  809) |      9           (    6     3    14) |       22.10         805.60        0.571978
     tip     7   817 (  -1   -1  811) |      6[seq00007] (   -1    -1     9) |        0.00          22.10        0.015691
     tip     4   818 (  -1   -1  811) |      3[seq00004] (   -1    -1     9) |        0.00          22.10        0.015691
outgroup     9  1274 (  -1   -1  765) |    105[outgroup] (   -1    -1    87) |        0.00         140.85        0.100000


Dataset_2 Fragment_17 [103-108]
----------------- Nodes -------------------
  class  label index (left right anc) | NetNode[info]       (left right anc) |        time    time length   branch lenght
---------------------------------------------------------------------------------------------------------------
    root    16   821 ( 831  856   -1) |     87[root]     (   47    57    -1) |     7683.39           0.00        0.000000
internal    10   831 ( 836  841  821) |     47           (    4     2    87) |     2547.98        5135.41        3.646141
     tip     5   836 (  -1   -1  831) |      4[seq00005] (   -1    -1    47) |        0.00        2547.98        1.809066
     tip     3   841 (  -1   -1  831) |      2[seq00003] (   -1    -1    47) |        0.00        2547.98        1.809066
internal    15   856 ( 864  867  821) |     57           (    5    14    87) |     3367.75        4315.64        3.064101
     tip     6   864 (  -1   -1  856) |      5[seq00006] (   -1    -1    57) |        0.00        3367.75        2.391105
internal    14   867 ( 868  869  856) |     14           (   12     9    57) |      827.70        2540.05        1.803437
internal    12   868 ( 870  872  867) |     12           (    1     8    14) |      244.02         583.68        0.414412
     tip     2   870 (  -1   -1  868) |      1[seq00002] (   -1    -1    12) |        0.00         244.02        0.173257
internal    11   872 ( 873  874  868) |      8           (    7     0    12) |       18.94         225.08        0.159810
     tip     8   873 (  -1   -1  872) |      7[seq00008] (   -1    -1     8) |        0.00          18.94        0.013447
     tip     1   874 (  -1   -1  872) |      0[seq00001] (   -1    -1     8) |        0.00          18.94        0.013447
internal    13   869 ( 875  876  867) |      9           (    6     3    14) |       22.10         805.60        0.571978
     tip     7   875 (  -1   -1  869) |      6[seq00007] (   -1    -1     9) |        0.00          22.10        0.015691
     tip     4   876 (  -1   -1  869) |      3[seq00004] (   -1    -1     9) |        0.00          22.10        0.015691
outgroup     9  1275 (  -1   -1  821) |    106[outgroup] (   -1    -1    87) |        0.00         140.85        0.100000


Dataset_2 Fragment_18 [109-109]
----------------- Nodes -------------------
  class  label index (left right anc) | NetNode[info]       (left right anc) |        time    time length   branch lenght
---------------------------------------------------------------------------------------------------------------
    root    16   879 ( 889  912   -1) |     87[root]     (   47    57    -1) |     7683.39           0.00        0.000000
internal    10   889 ( 894  899  879) |     47           (    4     2    87) |     2547.98        5135.41        3.646141
     tip     5   894 (  -1   -1  889) |      4[seq00005] (   -1    -1    47) |        0.00        2547.98        1.809066
     tip     3   899 (  -1   -1  889) |      2[seq00003] (   -1    -1    47) |        0.00        2547.98        1.809066
internal    15   912 ( 920  923  879) |     57           (    5    14    87) |     3367.75        4315.64        3.064101
     tip     6   920 (  -1   -1  912) |      5[seq00006] (   -1    -1    57) |        0.00        3367.75        2.391105
internal    14   923 ( 924  925  912) |     14           (   12     9    57) |      827.70        2540.05        1.803437
internal    12   924 ( 926  928  923) |     12           (    1     8    14) |      244.02         583.68        0.414412
     tip     2   926 (  -1   -1  924) |      1[seq00002] (   -1    -1    12) |        0.00         244.02        0.173257
internal    11   928 ( 929  930  924) |      8           (    7     0    12) |       18.94         225.08        0.159810
     tip     8   929 (  -1   -1  928) |      7[seq00008] (   -1    -1     8) |        0.00          18.94        0.013447
     tip     1   930 (  -1   -1  928) |      0[seq00001] (   -1    -1     8) |        0.00          18.94        0.013447
internal    13   925 ( 931  932  923) |      9           (    6     3    14) |       22.10         805.60        0.571978
     tip     7   931 (  -1   -1  925) |      6[seq00007] (   -1    -1     9) |        0.00          22.10        0.015691
     tip     4   932 (  -1   -1  925) |      3[seq00004] (   -1    -1     9) |        0.00          22.10        0.015691
outgroup     9  1276 (  -1   -1  879) |    107[outgroup] (   -1    -1    87) |        0.00         140.85        0.100000


Dataset_2 Fragment_19 [110-113]
----------------- Nodes -------------------
  class  label index (left right anc) | NetNode[info]       (left right anc) |        time    time length   branch lenght
---------------------------------------------------------------------------------------------------------------
    root    16   938 ( 947  967   -1) |     81[root]     (   47    57    -1) |     6680.31           0.00        0.000000
internal    10   947 ( 952  957  938) |     47           (    4     2    81) |     2547.98        4132.33        2.933955
     tip     5   952 (  -1   -1  947) |      4[seq00005] (   -1    -1    47) |        0.00        2547.98        1.809066
     tip     3   957 (  -1   -1  947) |      2[seq00003] (   -1    -1    47) |        0.00        2547.98        1.809066
internal    15   967 ( 975  978  938) |     57           (    5    14    81) |     3367.75        3312.56        2.351916
     tip     6   975 (  -1   -1  967) |      5[seq00006] (   -1    -1    57) |        0.00        3367.75        2.391105
internal    14   978 ( 979  980  967) |     14           (   12     9    57) |      827.70        2540.05        1.803437
internal    12   979 ( 981  983  978) |     12           (    1     8    14) |      244.02         583.68        0.414412
     tip     2   981 (  -1   -1  979) |      1[seq00002] (   -1    -1    12) |        0.00         244.02        0.173257
internal    11   983 ( 984  985  979) |      8           (    7     0    12) |       18.94         225.08        0.159810
     tip     8   984 (  -1   -1  983) |      7[seq00008] (   -1    -1     8) |        0.00          18.94        0.013447
     tip     1   985 (  -1   -1  983) |      0[seq00001] (   -1    -1     8) |        0.00          18.94        0.013447
internal    13   980 ( 986  987  978) |      9           (    6     3    14) |       22.10         805.60        0.571978
     tip     7   986 (  -1   -1  980) |      6[seq00007] (   -1    -1     9) |        0.00          22.10        0.015691
     tip     4   987 (  -1   -1  980) |      3[seq00004] (   -1    -1     9) |        0.00          22.10        0.015691
outgroup     9  1277 (  -1   -1  938) |    108[outgroup] (   -1    -1    81) |        0.00         140.85        0.100000


Dataset_2 Fragment_20 [114-122]
----------------- Nodes -------------------
  class  label index (left right anc) | NetNode[info]       (left right anc) |        time    time length   branch lenght
---------------------------------------------------------------------------------------------------------------
    root    16   993 (1002 1022   -1) |     81[root]     (   47    57    -1) |     6680.31           0.00        0.000000
internal    10  1002 (1007 1012  993) |     47           (    4     2    81) |     2547.98        4132.33        2.933955
     tip     5  1007 (  -1   -1 1002) |      4[seq00005] (   -1    -1    47) |        0.00        2547.98        1.809066
     tip     3  1012 (  -1   -1 1002) |      2[seq00003] (   -1    -1    47) |        0.00        2547.98        1.809066
internal    15  1022 (1030 1033  993) |     57           (    5    14    81) |     3367.75        3312.56        2.351916
     tip     6  1030 (  -1   -1 1022) |      5[seq00006] (   -1    -1    57) |        0.00        3367.75        2.391105
internal    14  1033 (1034 1035 1022) |     14           (   12     9    57) |      827.70        2540.05        1.803437
internal    12  1034 (1036 1038 1033) |     12           (    1     8    14) |      244.02         583.68        0.414412
     tip     2  1036 (  -1   -1 1034) |      1[seq00002] (   -1    -1    12) |        0.00         244.02        0.173257
internal    11  1038 (1039 1040 1034) |      8           (    7     0    12) |       18.94         225.08        0.159810
     tip     8  1039 (  -1   -1 1038) |      7[seq00008] (   -1    -1     8) |        0.00          18.94        0.013447
     tip     1  1040 (  -1   -1 1038) |      0[seq00001] (   -1    -1     8) |        0.00          18.94        0.013447
internal    13  1035 (1041 1042 1033) |      9           (    6     3    14) |       22.10         805.60        0.571978
     tip     7  1041 (  -1   -1 1035) |      6[seq00007] (   -1    -1     9) |        0.00          22.10        0.015691
     tip     4  1042 (  -1   -1 1035) |      3[seq00004] (   -1    -1     9) |        0.00          22.10        0.015691
outgroup     9  1278 (  -1   -1  993) |    109[outgroup] (   -1    -1    81) |        0.00         140.85        0.100000


Dataset_2 Fragment_21 [123-132]
----------------- Nodes -------------------
  class  label index (left right anc) | NetNode[info]       (left right anc) |        time    time length   branch lenght
---------------------------------------------------------------------------------------------------------------
    root    16  1049 (1060 1086   -1) |     78[root]     (   57    47    -1) |     6279.35           0.00        0.000000
internal    14  1060 (1068 1071 1049) |     57           (    5    14    78) |     3367.75        2911.59        2.067232
     tip     6  1068 (  -1   -1 1060) |      5[seq00006] (   -1    -1    57) |        0.00        3367.75        2.391105
internal    13  1071 (1072 1073 1060) |     14           (   12     9    57) |      827.70        2540.05        1.803437
internal    11  1072 (1074 1076 1071) |     12           (    1     8    14) |      244.02         583.68        0.414412
     tip     2  1074 (  -1   -1 1072) |      1[seq00002] (   -1    -1    12) |        0.00         244.02        0.173257
internal    10  1076 (1077 1078 1072) |      8           (    7     0    12) |       18.94         225.08        0.159810
     tip     8  1077 (  -1   -1 1076) |      7[seq00008] (   -1    -1     8) |        0.00          18.94        0.013447
     tip     1  1078 (  -1   -1 1076) |      0[seq00001] (   -1    -1     8) |        0.00          18.94        0.013447
internal    12  1073 (1079 1080 1071) |      9           (    6     3    14) |       22.10         805.60        0.571978
     tip     7  1079 (  -1   -1 1073) |      6[seq00007] (   -1    -1     9) |        0.00          22.10        0.015691
     tip     4  1080 (  -1   -1 1073) |      3[seq00004] (   -1    -1     9) |        0.00          22.10        0.015691
internal    15  1086 (1091 1096 1049) |     47           (    4     2    78) |     2547.98        3731.37        2.649271
     tip     5  1091 (  -1   -1 1086) |      4[seq00005] (   -1    -1    47) |        0.00        2547.98        1.809066
     tip     3  1096 (  -1   -1 1086) |      2[seq00003] (   -1    -1    47) |        0.00        2547.98        1.809066
outgroup     9  1279 (  -1   -1 1049) |    110[outgroup] (   -1    -1    78) |        0.00         140.85        0.100000


Dataset_2 Fragment_22 [133-133]
----------------- Nodes -------------------
  class  label index (left right anc) | NetNode[info]       (left right anc) |        time    time length   branch lenght
---------------------------------------------------------------------------------------------------------------
    root    16  1103 (1114 1141   -1) |     78[root]     (   57    47    -1) |     6279.35           0.00        0.000000
internal    14  1114 (1123 1126 1103) |     57           (    5    14    78) |     3367.75        2911.59        2.067232
     tip     6  1123 (  -1   -1 1114) |      5[seq00006] (   -1    -1    57) |        0.00        3367.75        2.391105
internal    13  1126 (1127 1128 1114) |     14           (   12     9    57) |      827.70        2540.05        1.803437
internal    11  1127 (1129 1131 1126) |     12           (    1     8    14) |      244.02         583.68        0.414412
     tip     2  1129 (  -1   -1 1127) |      1[seq00002] (   -1    -1    12) |        0.00         244.02        0.173257
internal    10  1131 (1132 1133 1127) |      8           (    7     0    12) |       18.94         225.08        0.159810
     tip     8  1132 (  -1   -1 1131) |      7[seq00008] (   -1    -1     8) |        0.00          18.94        0.013447
     tip     1  1133 (  -1   -1 1131) |      0[seq00001] (   -1    -1     8) |        0.00          18.94        0.013447
internal    12  1128 (1134 1135 1126) |      9           (    6     3    14) |       22.10         805.60        0.571978
     tip     7  1134 (  -1   -1 1128) |      6[seq00007] (   -1    -1     9) |        0.00          22.10        0.015691
     tip     4  1135 (  -1   -1 1128) |      3[seq00004] (   -1    -1     9) |        0.00          22.10        0.015691
internal    15  1141 (1146 1151 1103) |     47           (    4     2    78) |     2547.98        3731.37        2.649271
     tip     5  1146 (  -1   -1 1141) |      4[seq00005] (   -1    -1    47) |        0.00        2547.98        1.809066
     tip     3  1151 (  -1   -1 1141) |      2[seq00003] (   -1    -1    47) |        0.00        2547.98        1.809066
outgroup     9  1280 (  -1   -1 1103) |    111[outgroup] (   -1    -1    78) |        0.00         140.85        0.100000


Dataset_2 Fragment_23 [134-145]
----------------- Nodes -------------------
  class  label index (left right anc) | NetNode[info]       (left right anc) |        time    time length   branch lenght
---------------------------------------------------------------------------------------------------------------
    root    16  1158 (1169 1204   -1) |     78[root]     (   57     4    -1) |     6279.35           0.00        0.000000
internal    15  1169 (1172 1185 1158) |     57           (   40    14    78) |     3367.75        2911.59        2.067232
internal    10  1172 (1179 1182 1169) |     40           (    5     2    57) |     2235.67        1132.08        0.803776
     tip     6  1179 (  -1   -1 1172) |      5[seq00006] (   -1    -1    40) |        0.00        2235.67        1.587329
     tip     3  1182 (  -1   -1 1172) |      2[seq00003] (   -1    -1    40) |        0.00        2235.67        1.587329
internal    14  1185 (1186 1187 1169) |     14           (   12     9    57) |      827.70        2540.05        1.803437
internal    12  1186 (1188 1190 1185) |     12           (    1     8    14) |      244.02         583.68        0.414412
     tip     2  1188 (  -1   -1 1186) |      1[seq00002] (   -1    -1    12) |        0.00         244.02        0.173257
internal    11  1190 (1191 1192 1186) |      8           (    7     0    12) |       18.94         225.08        0.159810
     tip     8  1191 (  -1   -1 1190) |      7[seq00008] (   -1    -1     8) |        0.00          18.94        0.013447
     tip     1  1192 (  -1   -1 1190) |      0[seq00001] (   -1    -1     8) |        0.00          18.94        0.013447
internal    13  1187 (1193 1194 1185) |      9           (    6     3    14) |       22.10         805.60        0.571978
     tip     7  1193 (  -1   -1 1187) |      6[seq00007] (   -1    -1     9) |        0.00          22.10        0.015691
     tip     4  1194 (  -1   -1 1187) |      3[seq00004] (   -1    -1     9) |        0.00          22.10        0.015691
     tip     5  1204 (  -1   -1 1158) |      4[seq00005] (   -1    -1    78) |        0.00        6279.35        4.458337
outgroup     9  1281 (  -1   -1 1158) |    112[outgroup] (   -1    -1    78) |        0.00         140.85        0.100000


Dataset_2 Fragment_24 [146-150]
----------------- Nodes -------------------
  class  label index (left right anc) | NetNode[info]       (left right anc) |        time    time length   branch lenght
---------------------------------------------------------------------------------------------------------------
    root    16  1216 (1228 1232   -1) |     69[root]     (    4    57    -1) |     4496.80           0.00        0.000000
     tip     5  1228 (  -1   -1 1216) |      4[seq00005] (   -1    -1    69) |        0.00        4496.80        3.192726
internal    15  1232 (1235 1248 1216) |     57           (   40    14    69) |     3367.75        1129.04        0.801621
internal    10  1235 (1242 1245 1232) |     40           (    5     2    57) |     2235.67        1132.08        0.803776
     tip     6  1242 (  -1   -1 1235) |      5[seq00006] (   -1    -1    40) |        0.00        2235.67        1.587329
     tip     3  1245 (  -1   -1 1235) |      2[seq00003] (   -1    -1    40) |        0.00        2235.67        1.587329
internal    14  1248 (1249 1250 1232) |     14           (   12     9    57) |      827.70        2540.05        1.803437
internal    12  1249 (1251 1253 1248) |     12           (    1     8    14) |      244.02         583.68        0.414412
     tip     2  1251 (  -1   -1 1249) |      1[seq00002] (   -1    -1    12) |        0.00         244.02        0.173257
internal    11  1253 (1254 1255 1249) |      8           (    7     0    12) |       18.94         225.08        0.159810
     tip     8  1254 (  -1   -1 1253) |      7[seq00008] (   -1    -1     8) |        0.00          18.94        0.013447
     tip     1  1255 (  -1   -1 1253) |      0[seq00001] (   -1    -1     8) |        0.00          18.94        0.013447
internal    13  1250 (1256 1257 1248) |      9           (    6     3    14) |       22.10         805.60        0.571978
     tip     7  1256 (  -1   -1 1250) |      6[seq00007] (   -1    -1     9) |        0.00          22.10        0.015691
     tip     4  1257 (  -1   -1 1250) |      3[seq00004] (   -1    -1     9) |        0.00          22.10        0.015691
outgroup     9  1282 (  -1   -1 1216) |    113[outgroup] (   -1    -1    69) |        0.00         140.85        0.100000
