

Dataset_1 Fragment_1 [1-450]
-------------------- Nodes -------------------------
  class  label index (left right anc) | NetNode[info]       (left right anc) | deme |        time    time length   branch lenght
----------------------------------------------------------------------------------------------------------------------
    root   16    1   (   2    3   -1) |     14[root]     (   13     7    -1) |  5 |     1283.50           0.00        0.000000
internal   15    2   (   4    5    1) |     13           (    5    12    14) |  5 |     1000.00         283.50        0.087886
     tip    6    4   (  -1   -1    2) |      5[seq00006] (   -1    -1    13) |  2 |      200.00         800.00        0.248000
internal   14    5   (   6    7    2) |     12           (    6    11    13) |  1 |      992.86           7.14        0.002214
     tip    7    6   (  -1   -1    5) |      6[seq00007] (   -1    -1    12) |  3 |        0.00         992.86        0.307786
internal   13    7   (   8    9    5) |     11           (    1    10    12) |  1 |      600.00         392.86        0.121786
     tip    2    8   (  -1   -1    7) |      1[seq00002] (   -1    -1    11) |  1 |      600.00           0.00        0.000000
internal   12    9   (  10   11    7) |     10           (    9     2    11) |  1 |      600.00           0.00        0.000000
internal   11   10   (  12   13    9) |      9           (    8     0    10) |  1 |      400.00         200.00        0.062000
internal   10   12   (  14   15   10) |      8           (    4     3     9) |  1 |      200.00         200.00        0.062000
     tip    5   14   (  -1   -1   12) |      4[seq00005] (   -1    -1     8) |  1 |      200.00           0.00        0.000000
     tip    4   15   (  -1   -1   12) |      3[seq00004] (   -1    -1     8) |  1 |      200.00           0.00        0.000000
     tip    1   13   (  -1   -1   10) |      0[seq00001] (   -1    -1     9) |  1 |      400.00           0.00        0.000000
     tip    3   11   (  -1   -1    9) |      2[seq00003] (   -1    -1    10) |  1 |      600.00           0.00        0.000000
     tip    8    3   (  -1   -1    1) |      7[seq00008] (   -1    -1    14) |  4 |        0.00        1283.50        0.397886
outgroup    9   17   (  -1   -1    1) |     15[outgroup] (   -1    -1    14) |  0 |        0.00         322.58        0.100000


Dataset_2 Fragment_1 [1-450]
-------------------- Nodes -------------------------
  class  label index (left right anc) | NetNode[info]       (left right anc) | deme |        time    time length   branch lenght
----------------------------------------------------------------------------------------------------------------------
    root   16    1   (   2    3   -1) |     14[root]     (   13     5    -1) |  5 |     1000.00           0.00        0.000000
internal   15    2   (   4    5    1) |     13           (   12     7    14) |  1 |      732.68         267.32        0.082869
internal   14    4   (   6    7    2) |     12           (   11     1    13) |  1 |      600.00         132.68        0.041131
internal   13    6   (   8    9    4) |     11           (    2    10    12) |  1 |      600.00           0.00        0.000000
     tip    3    8   (  -1   -1    6) |      2[seq00003] (   -1    -1    11) |  1 |      600.00           0.00        0.000000
internal   12    9   (  10   11    6) |     10           (    9     0    11) |  1 |      400.00         200.00        0.062000
internal   11   10   (  12   13    9) |      9           (    8     3    10) |  1 |      200.00         200.00        0.062000
internal   10   12   (  14   15   10) |      8           (    6     4     9) |  1 |      200.00           0.00        0.000000
     tip    7   14   (  -1   -1   12) |      6[seq00007] (   -1    -1     8) |  3 |        0.00         200.00        0.062000
     tip    5   15   (  -1   -1   12) |      4[seq00005] (   -1    -1     8) |  1 |      200.00           0.00        0.000000
     tip    4   13   (  -1   -1   10) |      3[seq00004] (   -1    -1     9) |  1 |      200.00           0.00        0.000000
     tip    1   11   (  -1   -1    9) |      0[seq00001] (   -1    -1    10) |  1 |      400.00           0.00        0.000000
     tip    2    7   (  -1   -1    4) |      1[seq00002] (   -1    -1    12) |  1 |      600.00           0.00        0.000000
     tip    8    5   (  -1   -1    2) |      7[seq00008] (   -1    -1    13) |  4 |        0.00         732.68        0.227131
     tip    6    3   (  -1   -1    1) |      5[seq00006] (   -1    -1    14) |  2 |      200.00         800.00        0.248000
outgroup    9   17   (  -1   -1    1) |     15[outgroup] (   -1    -1    14) |  0 |        0.00         322.58        0.100000
