

Dataset_1 Fragment_1 [1-450]
----------------- Nodes -----------------------
  class  label index (left right anc) | NetNode[info]       (left right anc) |        time    time length   branch lenght
---------------------------------------------------------------------------------------------------------------
    root    16     1 (   2    3   -1) |     14[root]     (    0    13    -1) |     9600.00           0.00        0.000000
     tip     1     2 (  -1   -1    1) |      0[seq00001] (   -1    -1    14) |     9600.00           0.00        0.000000
internal    15     3 (   4    5    1) |     13           (   12    11    14) |     7200.00        2400.00        2.184000
internal    10     4 (   6    7    3) |     12           (    2     1    13) |     7200.00           0.00        0.000000
     tip     3     6 (  -1   -1    4) |      2[seq00003] (   -1    -1    12) |     7200.00           0.00        0.000000
     tip     2     7 (  -1   -1    4) |      1[seq00002] (   -1    -1    12) |     7200.00           0.00        0.000000
internal    14     5 (   8    9    3) |     11           (   10     7    13) |     2412.76        4787.24        4.356387
internal    13     8 (  10   11    5) |     10           (    6     9    11) |     2401.07          11.69        0.010641
     tip     7    10 (  -1   -1    8) |      6[seq00007] (   -1    -1    10) |     2400.00           1.07        0.000972
internal    12    11 (  12   13    8) |      9           (    5     8    10) |      720.13        1680.93        1.529649
     tip     6    12 (  -1   -1   11) |      5[seq00006] (   -1    -1     9) |        0.00         720.13        0.655323
internal    11    13 (  14   15   11) |      8           (    3     4     9) |      148.33         571.80        0.520341
     tip     4    14 (  -1   -1   13) |      3[seq00004] (   -1    -1     8) |        0.00         148.33        0.134981
     tip     5    15 (  -1   -1   13) |      4[seq00005] (   -1    -1     8) |        0.00         148.33        0.134981
     tip     8     9 (  -1   -1    5) |      7[seq00008] (   -1    -1    11) |     2400.00          12.76        0.011613
outgroup     9    17 (  -1   -1    1) |     15[outgroup] (   -1    -1    14) |        0.00         109.89        0.100000


Dataset_2 Fragment_1 [1-450]
----------------- Nodes -----------------------
  class  label index (left right anc) | NetNode[info]       (left right anc) |        time    time length   branch lenght
---------------------------------------------------------------------------------------------------------------
    root    16     1 (   2    3   -1) |     14[root]     (   13     0    -1) |     9600.00           0.00        0.000000
internal    15     2 (   4    5    1) |     13           (   11    12    14) |     7200.00        2400.00        2.184000
internal    13     4 (   6    7    2) |     11           (   10     6    13) |     2408.29        4791.71        4.360453
internal    12     6 (   8    9    4) |     10           (    9     7    11) |     2403.80           4.49        0.004085
internal    11     8 (  10   11    6) |      9           (    4     8    10) |      193.12        2210.69        2.011724
     tip     5    10 (  -1   -1    8) |      4[seq00005] (   -1    -1     9) |        0.00         193.12        0.175738
internal    10    11 (  12   13    8) |      8           (    5     3     9) |      148.33          44.79        0.040761
     tip     6    12 (  -1   -1   11) |      5[seq00006] (   -1    -1     8) |        0.00         148.33        0.134977
     tip     4    13 (  -1   -1   11) |      3[seq00004] (   -1    -1     8) |        0.00         148.33        0.134977
     tip     8     9 (  -1   -1    6) |      7[seq00008] (   -1    -1    10) |     2400.00           3.80        0.003462
     tip     7     7 (  -1   -1    4) |      6[seq00007] (   -1    -1    11) |     2400.00           8.29        0.007547
internal    14     5 (  14   15    2) |     12           (    2     1    13) |     7200.00           0.00        0.000000
     tip     3    14 (  -1   -1    5) |      2[seq00003] (   -1    -1    12) |     7200.00           0.00        0.000000
     tip     2    15 (  -1   -1    5) |      1[seq00002] (   -1    -1    12) |     7200.00           0.00        0.000000
     tip     1     3 (  -1   -1    1) |      0[seq00001] (   -1    -1    14) |     9600.00           0.00        0.000000
outgroup     9    17 (  -1   -1    1) |     15[outgroup] (   -1    -1    14) |        0.00         109.89        0.100000
