[Empirical codon model from user]
[options and comments within brackets are ignored]
[1:AAA 2:AAC 3:AAG 4:AAT 5:ACA 6:ACC 7:ACG 8:ACT 9:AGA 10:AGC 11:AGG 12:AGT 13:ATA 14:ATC 15:ATG 16:ATT 17:CAA 18:CAC 19:CAG 20:CAT 21:CCA 22:CCC 23:CCG 24:CCT 25:CGA 26:CGC 27:CGG 28:CGT 29:CTA 30:CTC 31:CTG 32:CTT 33:GAA 34:GAC 35:GAG 36:GAT 37:GCA 38:GCC 39:GCG 40:GCT 41:GGA 42:GGC 43:GGG 44:GGT 45:GTA 46:GTC 47:GTG 48:GTT 49:TAC 50:TAT 51:TCA 52:TCC 53:TCG 54:TCT 55:TGC 56:TGG 57:TGT 58:TTA 59:TTC 60:TTG 61:TTT] [stop codons are excluded]

[Matrix of changes] c
0 0.866267 10.762877 4.929483 3.919360 0 0 0 8.423762 0 0 0 2.647620 0 0 0 6.404436 0 0 0 0 0 0 0 0 0 0 0 0 0 0 0 2.811398 0 0 0 0 0 0 0 0 0 0 0 0 0 0 0 0 0 0 0 0 0 0 0 0 0 0 0 0
0.866267 0 0.982893 13.863648 0 2.134740 0 0 0 7.784768 0 0 0 0.292691 0 0 0 4.105602 0 0 0 0 0 0 0 0 0 0 0 0 0 0 0 3.686074 0 0 0 0 0 0 0 0 0 0 0 0 0 0 0.228361 0 0 0 0 0 0 0 0 0 0 0 0 
10.762877 0.982893 0 1.010212 0 0 5.869857 0 0 0 21.000358 0 0 0 0.975074 0 0 0 2.715692 0 0 0 0 0 0 0 0 0 0 0 0 0 0 0 2.090641 0 0 0 0 0 0 0 0 0 0 0 0 0 0 0 0 0 0 0 0 0 0 0 0 0 0 
4.929483 13.863648 1.010212 0 0 0 0 11.715476 0 0 0 16.623529 0 0 0 0.501054 0 0 0 5.004762 0 0 0 0 0 0 0 0 0 0 0 0 0 0 0 6.091654 0 0 0 0 0 0 0 0 0 0 0 0 0 2.245405 0 0 0 0 0 0 0 0 0 0 0 
3.919360 0 0 0 0 6.967655 12.678802 28.307876 0.754055 0 0 0 4.962350 0 0 0 0 0 0 0 0.925575 0 0 0 0 0 0 0 0 0 0 0 0 0 0 0 3.064069 0 0 0 0 0 0 0 0 0 0 0 0 0 6.033932 0 0 0 0 0 0 0 0 0 0 
0 2.134740 0 0 6.967655 0 38.414969 6.035740 0 21.337943 0 0 0 2.231468 0 0 0 0 0 0 0 1.434550 0 0 0 0 0 0 0 0 0 0 0 0 0 0 0 2.312255 0 0 0 0 0 0 0 0 0 0 0 0 0 15.793595 0 0 0 0 0 0 0 0 0 
0 0 5.869857 0 12.678802 38.414969 0 19.578982 0 0 22.577271 0 0 0 8.155285 0 0 0 0 0 0 0 1.238450 0 0 0 0 0 0 0 0 0 0 0 0 0 0 0 25.461549 0 0 0 0 0 0 0 0 0 0 0 0 0 17.103904 0 0 0 0 0 0 0 0 
0 0 0 11.715476 28.307876 6.035740 19.578982 0 0 0 0 39.399322 0 0 0 2.801564 0 0 0 0 0 0 0 6.578976 0 0 0 0 0 0 0 0 0 0 0 0 0 0 0 5.107629 0 0 0 0 0 0 0 0 0 0 0 0 0 38.229100 0 0 0 0 0 0 0 
8.423762 0 0 0 0.754055 0 0 0 0 0.120900 36.292705 1.792245 1.903175 0 0 0 0 0 0 0 0 0 0 0 92.372238 0 0 0 0 0 0 0 0 0 0 0 0 0 0 0 1.432410 0 0 0 0 0 0 0 0 0 0 0 0 0 0 0 0 0 0 0 0 
0 7.784768 0 0 0 21.337943 0 0 0.120900 0 6.011970 26.637668 0 0.437779 0 0 0 0 0 0 0 0 0 0 0 5.033630 0 0 0 0 0 0 0 0 0 0 0 0 0 0 0 4.285543 0 0 0 0 0 0 0 0 0 0 0 0 2.047654 0 0 0 0 0 0 
0 0 21.000358 0 0 0 22.577271 0 36.292705 6.011970 0 3.324581 0 0 2.231662 0 0 0 0 0 0 0 0 0 0 0 133.296291 0 0 0 0 0 0 0 0 0 0 0 0 0 0 0 5.388514 0 0 0 0 0 0 0 0 0 0 0 0 0.825082 0 0 0 0 0 
0 0 0 16.623529 0 0 0 39.399322 1.792245 26.637668 3.324581 0 0 0 0 0.578118 0 0 0 0 0 0 0 0 0 0 0 3.834666 0 0 0 0 0 0 0 0 0 0 0 0 0 0 0 10.590780 0 0 0 0 0 0 0 0 0 0 0 0 4.719489 0 0 0 0 
2.647620 0 0 0 4.962350 0 0 0 1.903175 0 0 0 0 4.623936 2.082128 18.298900 0 0 0 0 0 0 0 0 0 0 0 0 5.134459 0 0 0 0 0 0 0 0 0 0 0 0 0 0 0 25.294298 0 0 0 0 0 0 0 0 0 0 0 0 10.116588 0 0 0 
0 0.292691 0 0 0 2.231468 0 0 0 0.437779 0 0 4.623936 0 1.303951 10.140728 0 0 0 0 0 0 0 0 0 0 0 0 0 6.381841 0 0 0 0 0 0 0 0 0 0 0 0 0 0 0 10.137337 0 0 0 0 0 0 0 0 0 0 0 0 0.786043 0 0 
0 0 0.975074 0 0 0 8.155285 0 0 0 2.231662 0 2.082128 1.303951 0 1.281784 0 0 0 0 0 0 0 0 0 0 0 0 0 0 2.570123 0 0 0 0 0 0 0 0 0 0 0 0 0 0 0 2.078444 0 0 0 0 0 0 0 0 0 0 0 0 7.911096 0 
0 0 0 0.501054 0 0 0 2.801564 0 0 0 0.578118 18.298900 10.140728 1.281784 0 0 0 0 0 0 0 0 0 0 0 0 0 0 0 0 4.301225 0 0 0 0 0 0 0 0 0 0 0 0 0 0 0 7.096281 0 0 0 0 0 0 0 0 0 0 0 0 1.682029 
6.404436 0 0 0 0 0 0 0 0 0 0 0 0 0 0 0 0 1.918904 14.959151 3.440380 5.381868 0 0 0 6.415757 0 0 0 7.419058 0 0 0 4.485369 0 0 0 0 0 0 0 0 0 0 0 0 0 0 0 0 0 0 0 0 0 0 0 0 0 0 0 0 
0 4.105602 0 0 0 0 0 0 0 0 0 0 0 0 0 0 1.918904 0 5.369463 28.086160 0 3.774544 0 0 0 7.016899 0 0 0 3.230751 0 0 0 3.006827 0 0 0 0 0 0 0 0 0 0 0 0 0 0 7.087801 0 0 0 0 0 0 0 0 0 0 0 0 
0 0 2.715692 0 0 0 0 0 0 0 0 0 0 0 0 0 14.959151 5.369463 0 1.086327 0 0 1.794388 0 0 0 19.920977 0 0 0 1.812540 0 0 0 7.686782 0 0 0 0 0 0 0 0 0 0 0 0 0 0 0 0 0 0 0 0 0 0 0 0 0 0 
0 0 0 5.004762 0 0 0 0 0 0 0 0 0 0 0 0 3.440380 28.086160 1.086327 0 0 0 0 1.021682 0 0 0 3.019726 0 0 0 1.583116 0 0 0 0.383706 0 0 0 0 0 0 0 0 0 0 0 0 0 3.444964 0 0 0 0 0 0 0 0 0 0 0 
0 0 0 0 0.925575 0 0 0 0 0 0 0 0 0 0 0 5.381868 0 0 0 0 12.053827 11.295213 35.480963 1.693662 0 0 0 1.393680 0 0 0 0 0 0 0 2.923972 0 0 0 0 0 0 0 0 0 0 0 0 0 3.312811 0 0 0 0 0 0 0 0 0 0 
0 0 0 0 0 1.434550 0 0 0 0 0 0 0 0 0 0 0 3.774544 0 0 12.053827 0 28.557939 17.461627 0 1.699302 0 0 0 1.389735 0 0 0 0 0 0 0 3.120189 0 0 0 0 0 0 0 0 0 0 0 0 0 2.704601 0 0 0 0 0 0 0 0 0 
0 0 0 0 0 0 1.238450 0 0 0 0 0 0 0 0 0 0 0 1.794388 0 11.295213 28.557939 0 8.407091 0 0 3.144296 0 0 0 0.477616 0 0 0 0 0 0 0 6.034856 0 0 0 0 0 0 0 0 0 0 0 0 0 1.303480 0 0 0 0 0 0 0 0 
0 0 0 0 0 0 0 6.578976 0 0 0 0 0 0 0 0 0 0 0 1.021682 35.480963 17.461627 8.407091 0 0 0 0 0.334165 0 0 0 1.263838 0 0 0 0 0 0 0 1.159185 0 0 0 0 0 0 0 0 0 0 0 0 0 1.769355 0 0 0 0 0 0 0 
0 0 0 0 0 0 0 0 92.372238 0 0 0 0 0 0 0 6.415757 0 0 0 1.693662 0 0 0 0 14.930266 13.919752 99.459951 3.023939 0 0 0 0 0 0 0 0 0 0 0 0.091041 0 0 0 0 0 0 0 0 0 0 0 0 0 0 0 0 0 0 0 0 
0 0 0 0 0 0 0 0 0 5.033630 0 0 0 0 0 0 0 7.016899 0 0 0 1.699302 0 0 14.930266 0 79.483730 14.603857 0 2.250770 0 0 0 0 0 0 0 0 0 0 0 1.252470 0 0 0 0 0 0 0 0 0 0 0 0 1.632945 0 0 0 0 0 0 
0 0 0 0 0 0 0 0 0 0 133.296291 0 0 0 0 0 0 0 19.920977 0 0 0 3.144296 0 13.919752 79.483730 0 30.804750 0 0 1.462945 0 0 0 0 0 0 0 0 0 0 0 4.803738 0 0 0 0 0 0 0 0 0 0 0 0 3.026086 0 0 0 0 0 
0 0 0 0 0 0 0 0 0 0 0 3.834666 0 0 0 0 0 0 0 3.019726 0 0 0 0.334165 99.459951 14.603857 30.804750 0 0 0 0 0.779565 0 0 0 0 0 0 0 0 0 0 0 0.041150 0 0 0 0 0 0 0 0 0 0 0 0 1.617091 0 0 0 0 
0 0 0 0 0 0 0 0 0 0 0 0 5.134459 0 0 0 7.419058 0 0 0 1.393680 0 0 0 3.023939 0 0 0 0 7.811205 5.650116 56.803876 0 0 0 0 0 0 0 0 0 0 0 0 3.737489 0 0 0 0 0 0 0 0 0 0 0 0 75.752638 0 0 0 
0 0 0 0 0 0 0 0 0 0 0 0 0 6.381841 0 0 0 3.230751 0 0 0 1.389735 0 0 0 2.250770 0 0 7.811205 0 22.078564 8.905484 0 0 0 0 0 0 0 0 0 0 0 0 0 5.914972 0 0 0 0 0 0 0 0 0 0 0 0 2.266373 0 0 
0 0 0 0 0 0 0 0 0 0 0 0 0 0 2.570123 0 0 0 1.812540 0 0 0 0.477616 0 0 0 1.462945 0 5.650116 22.078564 0 8.432339 0 0 0 0 0 0 0 0 0 0 0 0 0 0 2.164805 0 0 0 0 0 0 0 0 0 0 0 0 20.877218 0 
0 0 0 0 0 0 0 0 0 0 0 0 0 0 0 4.301225 0 0 0 1.583116 0 0 0 1.263838 0 0 0 0.779565 56.803876 8.905484 8.432339 0 0 0 0 0 0 0 0 0 0 0 0 0 0 0 0 2.473623 0 0 0 0 0 0 0 0 0 0 0 0 2.090751 
2.811398 0 0 0 0 0 0 0 0 0 0 0 0 0 0 0 4.485369 0 0 0 0 0 0 0 0 0 0 0 0 0 0 0 0 0.650088 10.153570 2.710610 2.774445 0 0 0 0.874000 0 0 0 1.277861 0 0 0 0 0 0 0 0 0 0 0 0 0 0 0 0 
0 3.686074 0 0 0 0 0 0 0 0 0 0 0 0 0 0 0 3.006827 0 0 0 0 0 0 0 0 0 0 0 0 0 0 0.650088 0 3.779053 10.605899 0 1.866565 0 0 0 1.561629 0 0 0 0.208522 0 0 0.294702 0 0 0 0 0 0 0 0 0 0 0 0 
0 0 2.090641 0 0 0 0 0 0 0 0 0 0 0 0 0 0 0 7.686782 0 0 0 0 0 0 0 0 0 0 0 0 0 10.153570 3.779053 0 1.296294 0 0 9.441919 0 0 0 1.393810 0 0 0 0.476105 0 0 0 0 0 0 0 0 0 0 0 0 0 0 
0 0 0 6.091654 0 0 0 0 0 0 0 0 0 0 0 0 0 0 0 0.383706 0 0 0 0 0 0 0 0 0 0 0 0 2.710610 10.605899 1.296294 0 0 0 0 0.693026 0 0 0 1.042624 0 0 0 0.352915 0 0.367553 0 0 0 0 0 0 0 0 0 0 0 
0 0 0 0 3.064069 0 0 0 0 0 0 0 0 0 0 0 0 0 0 0 2.923972 0 0 0 0 0 0 0 0 0 0 0 2.774445 0 0 0 0 5.090423 9.529141 21.910225 2.985093 0 0 0 6.291148 0 0 0 0 0 9.880382 0 0 0 0 0 0 0 0 0 0 
0 0 0 0 0 2.312255 0 0 0 0 0 0 0 0 0 0 0 0 0 0 0 3.120189 0 0 0 0 0 0 0 0 0 0 0 1.866565 0 0 5.090423 0 20.715347 6.516319 0 2.303487 0 0 0 4.308415 0 0 0 0 0 7.675838 0 0 0 0 0 0 0 0 0 
0 0 0 0 0 0 25.461549 0 0 0 0 0 0 0 0 0 0 0 0 0 0 0 6.034856 0 0 0 0 0 0 0 0 0 0 0 9.441919 0 9.529141 20.715347 0 5.512586 0 0 6.644971 0 0 0 6.166554 0 0 0 0 0 21.863158 0 0 0 0 0 0 0 0 
0 0 0 0 0 0 0 5.107629 0 0 0 0 0 0 0 0 0 0 0 0 0 0 0 1.159185 0 0 0 0 0 0 0 0 0 0 0 0.693026 21.910225 6.516319 5.512586 0 0 0 0 1.541379 0 0 0 3.682092 0 0 0 0 0 5.540052 0 0 0 0 0 0 0 
0 0 0 0 0 0 0 0 1.432410 0 0 0 0 0 0 0 0 0 0 0 0 0 0 0 0.091041 0 0 0 0 0 0 0 0.874000 0 0 0 2.985093 0 0 0 0 4.120953 19.084271 20.518100 0.702411 0 0 0 0 0 0 0 0 0 0 0 0 0 0 0 0 
0 0 0 0 0 0 0 0 0 4.285543 0 0 0 0 0 0 0 0 0 0 0 0 0 0 0 1.252470 0 0 0 0 0 0 0 1.561629 0 0 0 2.303487 0 0 4.120953 0 18.064826 9.488520 0 0.542717 0 0 0 0 0 0 0 0 0.552851 0 0 0 0 0 0 
0 0 0 0 0 0 0 0 0 0 5.388514 0 0 0 0 0 0 0 0 0 0 0 0 0 0 0 4.803738 0 0 0 0 0 0 0 1.393810 0 0 0 6.644971 0 19.084271 18.064826 0 13.246936 0 0 0.302501 0 0 0 0 0 0 0 0 0.810856 0 0 0 0 0 
0 0 0 0 0 0 0 0 0 0 0 10.590780 0 0 0 0 0 0 0 0 0 0 0 0 0 0 0 0.041150 0 0 0 0 0 0 0 1.042624 0 0 0 1.541379 20.518100 9.488520 13.246936 0 0 0 0 0.503385 0 0 0 0 0 0 0 0 1.104727 0 0 0 0 
0 0 0 0 0 0 0 0 0 0 0 0 25.294298 0 0 0 0 0 0 0 0 0 0 0 0 0 0 0 3.737489 0 0 0 1.277861 0 0 0 6.291148 0 0 0 0.702411 0 0 0 0 3.531461 11.898141 26.045078 0 0 0 0 0 0 0 0 0 2.362720 0 0 0 
0 0 0 0 0 0 0 0 0 0 0 0 0 10.137337 0 0 0 0 0 0 0 0 0 0 0 0 0 0 0 5.914972 0 0 0 0.208522 0 0 0 4.308415 0 0 0 0.542717 0 0 3.531461 0 21.657664 6.669955 0 0 0 0 0 0 0 0 0 0 1.923392 0 0 
0 0 0 0 0 0 0 0 0 0 0 0 0 0 2.078444 0 0 0 0 0 0 0 0 0 0 0 0 0 0 0 2.164805 0 0 0 0.476105 0 0 0 6.166554 0 0 0 0.302501 0 11.898141 21.657664 0 8.901167 0 0 0 0 0 0 0 0 0 0 0 2.022101 0 
0 0 0 0 0 0 0 0 0 0 0 0 0 0 0 7.096281 0 0 0 0 0 0 0 0 0 0 0 0 0 0 0 2.473623 0 0 0 0.352915 0 0 0 3.682092 0 0 0 0.503385 26.045078 6.669955 8.901167 0 0 0 0 0 0 0 0 0 0 0 0 0 2.261813 
0 0.228361 0 0 0 0 0 0 0 0 0 0 0 0 0 0 0 7.087801 0 0 0 0 0 0 0 0 0 0 0 0 0 0 0 0.294702 0 0 0 0 0 0 0 0 0 0 0 0 0 0 0 19.942818 0 5.615472 0 0 0.144278 0 0 0 5.177930 0 0 
0 0 0 2.245405 0 0 0 0 0 0 0 0 0 0 0 0 0 0 0 3.444964 0 0 0 0 0 0 0 0 0 0 0 0 0 0 0 0.367553 0 0 0 0 0 0 0 0 0 0 0 0 19.942818 0 0 0 0 2.206054 0 0 0.582084 0 0 0 6.610894 
0 0 0 0 6.033932 0 0 0 0 0 0 0 0 0 0 0 0 0 0 0 3.312811 0 0 0 0 0 0 0 0 0 0 0 0 0 0 0 9.880382 0 0 0 0 0 0 0 0 0 0 0 0 0 0 13.681751 12.991861 44.407955 0 0 0 2.952332 0 0 0 
0 0 0 0 0 15.793595 0 0 0 0 0 0 0 0 0 0 0 0 0 0 0 2.704601 0 0 0 0 0 0 0 0 0 0 0 0 0 0 0 7.675838 0 0 0 0 0 0 0 0 0 0 5.615472 0 13.681751 0 65.097021 13.889102 9.339206 0 0 0 1.913571 0 0 
0 0 0 0 0 0 17.103904 0 0 0 0 0 0 0 0 0 0 0 0 0 0 0 1.303480 0 0 0 0 0 0 0 0 0 0 0 0 0 0 0 21.863158 0 0 0 0 0 0 0 0 0 0 0 12.991861 65.097021 0 17.057443 0 4.662001 0 0 0 8.126914 0 
0 0 0 0 0 0 0 38.229100 0 0 0 0 0 0 0 0 0 0 0 0 0 0 0 1.769355 0 0 0 0 0 0 0 0 0 0 0 0 0 0 0 5.540052 0 0 0 0 0 0 0 0 0 2.206054 44.407955 13.889102 17.057443 0 0 0 6.191481 0 0 0 1.658051 
0 0 0 0 0 0 0 0 0 2.047654 0 0 0 0 0 0 0 0 0 0 0 0 0 0 0 1.632945 0 0 0 0 0 0 0 0 0 0 0 0 0 0 0 0.552851 0 0 0 0 0 0 0.144278 0 0 9.339206 0 0 0 0.073268 44.777964 0 1.558523 0 0 
0 0 0 0 0 0 0 0 0 0 0.825082 0 0 0 0 0 0 0 0 0 0 0 0 0 0 0 3.026086 0 0 0 0 0 0 0 0 0 0 0 0 0 0 0 0.810856 0 0 0 0 0 0 0 0 0 4.662001 0 0.073268 0 0.677177 0 0 5.369644 0 
0 0 0 0 0 0 0 0 0 0 0 4.719489 0 0 0 0 0 0 0 0 0 0 0 0 0 0 0 1.617091 0 0 0 0 0 0 0 0 0 0 0 0 0 0 0 1.104727 0 0 0 0 0 0.582084 0 0 0 6.191481 44.777964 0.677177 0 0 0 0 3.347364 
0 0 0 0 0 0 0 0 0 0 0 0 10.116588 0 0 0 0 0 0 0 0 0 0 0 0 0 0 0 75.752638 0 0 0 0 0 0 0 0 0 0 0 0 0 0 0 2.362720 0 0 0 0 0 2.952332 0 0 0 0 0 0 0 0.010896 24.748755 1.315610 
0 0 0 0 0 0 0 0 0 0 0 0 0 0.786043 0 0 0 0 0 0 0 0 0 0 0 0 0 0 0 2.266373 0 0 0 0 0 0 0 0 0 0 0 0 0 0 0 1.923392 0 0 5.177930 0 0 1.913571 0 0 1.558523 0 0 0.010896 0 4.756288 11.192024 
0 0 0 0 0 0 0 0 0 0 0 0 0 0 7.911096 0 0 0 0 0 0 0 0 0 0 0 0 0 0 0 20.877218 0 0 0 0 0 0 0 0 0 0 0 0 0 0 0 2.022101 0 0 0 0 0 8.126914 0 0 5.369644 0 24.748755 4.756288 0 5.427076 
0 0 0 0 0 0 0 0 0 0 0 0 0 0 0 1.682029 0 0 0 0 0 0 0 0 0 0 0 0 0 0 0 2.090751 0 0 0 0 0 0 0 0 0 0 0 0 0 0 0 2.261813 0 6.610894 0 0 0 1.658051 0 0 3.347364 1.315610 11.192024 5.427076 0

[Frequencies]
[AAA AAC AAG AAT ACA ACC ACG ACT AGA AGC AGG AGT ATA ATC ATG ATT CAA CAC CAG CAT CCA CCC CCG CCT CGA CGC CGG CGT CTA CTC CTG CTT GAA GAC GAG GAT GCA GCC GCG GCT GGA GGC GGG GGT GTA GTC GTG GTT TAC TAT TCA TCC TCG TCT TGC TGG TGT TTA TTC TTG TTT]
z0.030001 0.020171 0.026344 0.023006 0.015528 0.020201 0.012142 0.013424 0.010372 0.011679 0.008195 0.010142 0.013551 0.023441 0.020102 0.025576 0.016076 0.011703 0.020211 0.011097 0.010642 0.010100 0.011843 0.010007 0.004800 0.014148 0.007837 0.008311 0.007600 0.017386 0.028839 0.014467 0.033223 0.024532 0.031878 0.028198 0.015908 0.028307 0.018853 0.019005 0.015796 0.022982 0.010191 0.016852 0.010901 0.018938 0.022747 0.019047 0.015782 0.015965 0.009750 0.011131 0.008956 0.011880 0.007029 0.011880 0.006025 0.016387 0.021383 0.015425 0.022103
