

Dataset_1 Fragment_1 [1-364]
----------------- Nodes -------------------
  class  label index (left right anc) | NetNode[info]       (left right anc) |        time    time length   branch lenght
---------------------------------------------------------------------------------------------------------------
    root    15     1 (   2    3   -1) |     17[root]     (   15    16    -1) |     3177.89           0.00        0.000000
internal     9     2 (   6    5    1) |     15           (    3     5    17) |      983.37        2194.52        0.460849
     tip     4     6 (  -1   -1    2) |      3[seq00004] (   -1    -1    15) |        0.00         983.37        0.206509
     tip     6     5 (  -1   -1    2) |      5[seq00006] (   -1    -1    15) |        0.00         983.37        0.206509
internal    14     3 (   7    8    1) |     16           (    2    13    17) |     1894.77        1283.13        0.269456
     tip     3     7 (  -1   -1    3) |      2[seq00003] (   -1    -1    16) |        0.00        1894.77        0.397901
internal    13     8 (  11   10    3) |     13           (   10     1    16) |      567.93        1326.83        0.278635
internal    12    11 (  12   13    8) |     10           (    9     0    13) |      153.04         414.89        0.087127
internal    11    12 (  14   15   11) |      9           (    6     8    10) |       22.31         130.74        0.027454
     tip     7    14 (  -1   -1   12) |      6[seq00007] (   -1    -1     9) |        0.00          22.31        0.004684
internal    10    15 (  16   17   12) |      8           (    7     4     9) |        7.71          14.59        0.003065
     tip     8    16 (  -1   -1   15) |      7[seq00008] (   -1    -1     8) |        0.00           7.71        0.001620
     tip     5    17 (  -1   -1   15) |      4[seq00005] (   -1    -1     8) |        0.00           7.71        0.001620
     tip     1    13 (  -1   -1   11) |      0[seq00001] (   -1    -1    10) |        0.00         153.04        0.032139
     tip     2    10 (  -1   -1    8) |      1[seq00002] (   -1    -1    13) |        0.00         567.93        0.119266


Dataset_1 Fragment_2 [365-500]
----------------- Nodes -------------------
  class  label index (left right anc) | NetNode[info]       (left right anc) |        time    time length   branch lenght
---------------------------------------------------------------------------------------------------------------
    root    15    18 (  20   21   -1) |     17[root]     (   15    16    -1) |     3177.89           0.00        0.000000
internal    13    20 (  22   23   18) |     15           (   14     5    17) |      983.37        2194.52        0.460849
internal    12    22 (  26   25   20) |     14           (   10     3    15) |      630.45         352.92        0.074114
internal    11    26 (  27   28   22) |     10           (    9     0    14) |      153.04         477.41        0.100256
internal    10    27 (  29   30   26) |      9           (    6     8    10) |       22.31         130.74        0.027454
     tip     7    29 (  -1   -1   27) |      6[seq00007] (   -1    -1     9) |        0.00          22.31        0.004684
internal     9    30 (  31   32   27) |      8           (    7     4     9) |        7.71          14.59        0.003065
     tip     8    31 (  -1   -1   30) |      7[seq00008] (   -1    -1     8) |        0.00           7.71        0.001620
     tip     5    32 (  -1   -1   30) |      4[seq00005] (   -1    -1     8) |        0.00           7.71        0.001620
     tip     1    28 (  -1   -1   26) |      0[seq00001] (   -1    -1    10) |        0.00         153.04        0.032139
     tip     4    25 (  -1   -1   22) |      3[seq00004] (   -1    -1    14) |        0.00         630.45        0.132395
     tip     6    23 (  -1   -1   20) |      5[seq00006] (   -1    -1    15) |        0.00         983.37        0.206509
internal    14    21 (  33   35   18) |     16           (    2     1    17) |     1894.77        1283.13        0.269456
     tip     3    33 (  -1   -1   21) |      2[seq00003] (   -1    -1    16) |        0.00        1894.77        0.397901
     tip     2    35 (  -1   -1   21) |      1[seq00002] (   -1    -1    16) |        0.00        1894.77        0.397901
