

Dataset_1 Fragment_1 [1-150]
-------------------- Nodes -------------------------
  class  label index (left right anc) | NetNode[info]       (left right anc) | deme |        time    time length   branch lenght
----------------------------------------------------------------------------------------------------------------------
    root   16    1   (   2    3   -1) |     14[root]     (   12    13    -1) |  2 |    14086.48           0.00        0.000000
internal   11    2   (   4    5    1) |     12           (    3     9    14) |  4 |     3003.02       11083.46       10.085951
     tip    4    4   (  -1   -1    2) |      3[seq00004] (   -1    -1    12) |  2 |        0.00        3003.02        2.732747
internal   10    5   (   6    7    2) |      9           (    0     1    12) |  1 |      444.89        2558.13        2.327896
     tip    1    6   (  -1   -1    5) |      0[seq00001] (   -1    -1     9) |  1 |        0.00         444.89        0.404851
     tip    2    7   (  -1   -1    5) |      1[seq00002] (   -1    -1     9) |  1 |        0.00         444.89        0.404851
internal   15    3   (   8    9    1) |     13           (    7    11    14) |  2 |    11189.47        2897.01        2.636280
     tip    8    8   (  -1   -1    3) |      7[seq00008] (   -1    -1    13) |  4 |        0.00       11189.47       10.182418
internal   14    9   (  10   11    3) |     11           (    8    10    13) |  3 |     1282.91        9906.56        9.014970
internal   12   10   (  12   13    9) |      8           (    5     4    11) |  3 |      106.06        1176.85        1.070929
     tip    6   12   (  -1   -1   10) |      5[seq00006] (   -1    -1     8) |  3 |        0.00         106.06        0.096519
     tip    5   13   (  -1   -1   10) |      4[seq00005] (   -1    -1     8) |  3 |        0.00         106.06        0.096519
internal   13   11   (  14   15    9) |     10           (    2     6    11) |  3 |      788.46         494.45        0.449946
     tip    3   14   (  -1   -1   11) |      2[seq00003] (   -1    -1    10) |  2 |        0.00         788.46        0.717502
     tip    7   15   (  -1   -1   11) |      6[seq00007] (   -1    -1    10) |  3 |        0.00         788.46        0.717502
outgroup    9   17   (  -1   -1    1) |     15[outgroup] (   -1    -1    14) |  0 |        0.00         109.89        0.100000


Dataset_2 Fragment_1 [1-150]
-------------------- Nodes -------------------------
  class  label index (left right anc) | NetNode[info]       (left right anc) | deme |        time    time length   branch lenght
----------------------------------------------------------------------------------------------------------------------
    root   16    1   (   2    3   -1) |     14[root]     (   12    13    -1) |  3 |     8018.05           0.00        0.000000
internal   12    2   (   4    5    1) |     12           (    9    11    14) |  4 |     3078.95        4939.10        4.494581
internal   10    4   (   6    7    2) |      9           (    7     0    12) |  4 |     1503.45        1575.50        1.433705
     tip    8    6   (  -1   -1    4) |      7[seq00008] (   -1    -1     9) |  4 |        0.00        1503.45        1.368141
     tip    1    7   (  -1   -1    4) |      0[seq00001] (   -1    -1     9) |  1 |        0.00        1503.45        1.368141
internal   11    5   (   8    9    2) |     11           (    5     6    12) |  3 |     2915.67         163.28        0.148587
     tip    6    8   (  -1   -1    5) |      5[seq00006] (   -1    -1    11) |  3 |        0.00        2915.67        2.653259
     tip    7    9   (  -1   -1    5) |      6[seq00007] (   -1    -1    11) |  3 |        0.00        2915.67        2.653259
internal   15    3   (  10   11    1) |     13           (    3    10    14) |  1 |     3818.33        4199.72        3.821747
     tip    4   10   (  -1   -1    3) |      3[seq00004] (   -1    -1    13) |  2 |        0.00        3818.33        3.474681
internal   14   11   (  12   13    3) |     10           (    8     2    13) |  2 |     2898.93         919.40        0.836658
internal   13   12   (  14   15   11) |      8           (    1     4    10) |  3 |       49.85        2849.07        2.592655
     tip    2   14   (  -1   -1   12) |      1[seq00002] (   -1    -1     8) |  1 |        0.00          49.85        0.045367
     tip    5   15   (  -1   -1   12) |      4[seq00005] (   -1    -1     8) |  3 |        0.00          49.85        0.045367
     tip    3   13   (  -1   -1   11) |      2[seq00003] (   -1    -1    10) |  2 |        0.00        2898.93        2.638022
outgroup    9   17   (  -1   -1    1) |     15[outgroup] (   -1    -1    14) |  0 |        0.00         109.89        0.100000
