Site      Frequencies
1      0.050000 0.030000 0.070000 0.040000 0.050000 0.050000 0.050000 0.050000 0.030000 0.070000 0.040000 0.050000 0.050000 0.050000 0.050000 0.050000 0.050000 0.050000 0.050000 0.070000
2      0.040816 0.051020 0.051020 0.051020 0.051020 0.051020 0.051020 0.051020 0.030612 0.071429 0.040816 0.051020 0.051020 0.051020 0.051020 0.051020 0.051020 0.051020 0.040816 0.061224
3      0.050000 0.030000 0.070000 0.040000 0.050000 0.050000 0.050000 0.050000 0.030000 0.070000 0.040000 0.050000 0.050000 0.050000 0.050000 0.050000 0.050000 0.050000 0.050000 0.070000
4      0.040816 0.051020 0.051020 0.051020 0.051020 0.051020 0.051020 0.051020 0.030612 0.071429 0.040816 0.051020 0.051020 0.051020 0.051020 0.051020 0.051020 0.051020 0.040816 0.061224
5      0.040816 0.051020 0.051020 0.051020 0.051020 0.051020 0.051020 0.051020 0.030612 0.071429 0.040816 0.051020 0.051020 0.051020 0.051020 0.051020 0.051020 0.051020 0.040816 0.061224
6      0.040816 0.051020 0.051020 0.051020 0.051020 0.051020 0.051020 0.051020 0.030612 0.071429 0.040816 0.051020 0.051020 0.051020 0.051020 0.051020 0.051020 0.051020 0.040816 0.061224
7      0.040816 0.051020 0.051020 0.051020 0.051020 0.051020 0.051020 0.051020 0.030612 0.071429 0.040816 0.051020 0.051020 0.051020 0.051020 0.051020 0.051020 0.051020 0.040816 0.061224
8      0.040816 0.051020 0.051020 0.051020 0.051020 0.051020 0.051020 0.051020 0.030612 0.071429 0.040816 0.051020 0.051020 0.051020 0.051020 0.051020 0.051020 0.051020 0.040816 0.061224
9      0.050000 0.030000 0.070000 0.040000 0.050000 0.050000 0.050000 0.050000 0.030000 0.070000 0.040000 0.050000 0.050000 0.050000 0.050000 0.050000 0.050000 0.050000 0.050000 0.070000
10      0.040816 0.051020 0.051020 0.051020 0.051020 0.051020 0.051020 0.051020 0.030612 0.071429 0.040816 0.051020 0.051020 0.051020 0.051020 0.051020 0.051020 0.051020 0.040816 0.061224
11      0.050000 0.030000 0.070000 0.040000 0.050000 0.050000 0.050000 0.050000 0.030000 0.070000 0.040000 0.050000 0.050000 0.050000 0.050000 0.050000 0.050000 0.050000 0.050000 0.070000
12      0.040816 0.051020 0.051020 0.051020 0.051020 0.051020 0.051020 0.051020 0.030612 0.071429 0.040816 0.051020 0.051020 0.051020 0.051020 0.051020 0.051020 0.051020 0.040816 0.061224
13      0.040816 0.051020 0.051020 0.051020 0.051020 0.051020 0.051020 0.051020 0.030612 0.071429 0.040816 0.051020 0.051020 0.051020 0.051020 0.051020 0.051020 0.051020 0.040816 0.061224
14      0.050000 0.030000 0.070000 0.040000 0.050000 0.050000 0.050000 0.050000 0.030000 0.070000 0.040000 0.050000 0.050000 0.050000 0.050000 0.050000 0.050000 0.050000 0.050000 0.070000
15      0.050000 0.030000 0.070000 0.040000 0.050000 0.050000 0.050000 0.050000 0.030000 0.070000 0.040000 0.050000 0.050000 0.050000 0.050000 0.050000 0.050000 0.050000 0.050000 0.070000
16      0.040816 0.051020 0.051020 0.051020 0.051020 0.051020 0.051020 0.051020 0.030612 0.071429 0.040816 0.051020 0.051020 0.051020 0.051020 0.051020 0.051020 0.051020 0.040816 0.061224
17      0.040816 0.051020 0.051020 0.051020 0.051020 0.051020 0.051020 0.051020 0.030612 0.071429 0.040816 0.051020 0.051020 0.051020 0.051020 0.051020 0.051020 0.051020 0.040816 0.061224
18      0.040816 0.051020 0.051020 0.051020 0.051020 0.051020 0.051020 0.051020 0.030612 0.071429 0.040816 0.051020 0.051020 0.051020 0.051020 0.051020 0.051020 0.051020 0.040816 0.061224
19      0.050000 0.030000 0.070000 0.040000 0.050000 0.050000 0.050000 0.050000 0.030000 0.070000 0.040000 0.050000 0.050000 0.050000 0.050000 0.050000 0.050000 0.050000 0.050000 0.070000
20      0.040816 0.051020 0.051020 0.051020 0.051020 0.051020 0.051020 0.051020 0.030612 0.071429 0.040816 0.051020 0.051020 0.051020 0.051020 0.051020 0.051020 0.051020 0.040816 0.061224
21      0.050000 0.030000 0.070000 0.040000 0.050000 0.050000 0.050000 0.050000 0.030000 0.070000 0.040000 0.050000 0.050000 0.050000 0.050000 0.050000 0.050000 0.050000 0.050000 0.070000
22      0.050000 0.030000 0.070000 0.040000 0.050000 0.050000 0.050000 0.050000 0.030000 0.070000 0.040000 0.050000 0.050000 0.050000 0.050000 0.050000 0.050000 0.050000 0.050000 0.070000
23      0.050000 0.030000 0.070000 0.040000 0.050000 0.050000 0.050000 0.050000 0.030000 0.070000 0.040000 0.050000 0.050000 0.050000 0.050000 0.050000 0.050000 0.050000 0.050000 0.070000
24      0.040816 0.051020 0.051020 0.051020 0.051020 0.051020 0.051020 0.051020 0.030612 0.071429 0.040816 0.051020 0.051020 0.051020 0.051020 0.051020 0.051020 0.051020 0.040816 0.061224
25      0.040816 0.051020 0.051020 0.051020 0.051020 0.051020 0.051020 0.051020 0.030612 0.071429 0.040816 0.051020 0.051020 0.051020 0.051020 0.051020 0.051020 0.051020 0.040816 0.061224
26      0.050000 0.030000 0.070000 0.040000 0.050000 0.050000 0.050000 0.050000 0.030000 0.070000 0.040000 0.050000 0.050000 0.050000 0.050000 0.050000 0.050000 0.050000 0.050000 0.070000
27      0.040816 0.051020 0.051020 0.051020 0.051020 0.051020 0.051020 0.051020 0.030612 0.071429 0.040816 0.051020 0.051020 0.051020 0.051020 0.051020 0.051020 0.051020 0.040816 0.061224
28      0.050000 0.030000 0.070000 0.040000 0.050000 0.050000 0.050000 0.050000 0.030000 0.070000 0.040000 0.050000 0.050000 0.050000 0.050000 0.050000 0.050000 0.050000 0.050000 0.070000
29      0.011111 0.033333 0.077778 0.044444 0.055556 0.055556 0.055556 0.055556 0.033333 0.077778 0.044444 0.055556 0.055556 0.055556 0.055556 0.055556 0.055556 0.055556 0.055556 0.011111
30      0.050000 0.030000 0.070000 0.040000 0.050000 0.050000 0.050000 0.050000 0.030000 0.070000 0.040000 0.050000 0.050000 0.050000 0.050000 0.050000 0.050000 0.050000 0.050000 0.070000
31      0.040816 0.051020 0.051020 0.051020 0.051020 0.051020 0.051020 0.051020 0.030612 0.071429 0.040816 0.051020 0.051020 0.051020 0.051020 0.051020 0.051020 0.051020 0.040816 0.061224
32      0.011111 0.033333 0.077778 0.044444 0.055556 0.055556 0.055556 0.055556 0.033333 0.077778 0.044444 0.055556 0.055556 0.055556 0.055556 0.055556 0.055556 0.055556 0.055556 0.011111
33      0.040816 0.051020 0.051020 0.051020 0.051020 0.051020 0.051020 0.051020 0.030612 0.071429 0.040816 0.051020 0.051020 0.051020 0.051020 0.051020 0.051020 0.051020 0.040816 0.061224
34      0.050000 0.030000 0.070000 0.040000 0.050000 0.050000 0.050000 0.050000 0.030000 0.070000 0.040000 0.050000 0.050000 0.050000 0.050000 0.050000 0.050000 0.050000 0.050000 0.070000
35      0.040816 0.051020 0.051020 0.051020 0.051020 0.051020 0.051020 0.051020 0.030612 0.071429 0.040816 0.051020 0.051020 0.051020 0.051020 0.051020 0.051020 0.051020 0.040816 0.061224
36      0.040816 0.051020 0.051020 0.051020 0.051020 0.051020 0.051020 0.051020 0.030612 0.071429 0.040816 0.051020 0.051020 0.051020 0.051020 0.051020 0.051020 0.051020 0.040816 0.061224
37      0.040816 0.051020 0.051020 0.051020 0.051020 0.051020 0.051020 0.051020 0.030612 0.071429 0.040816 0.051020 0.051020 0.051020 0.051020 0.051020 0.051020 0.051020 0.040816 0.061224
38      0.050000 0.030000 0.070000 0.040000 0.050000 0.050000 0.050000 0.050000 0.030000 0.070000 0.040000 0.050000 0.050000 0.050000 0.050000 0.050000 0.050000 0.050000 0.050000 0.070000
39      0.050000 0.030000 0.070000 0.040000 0.050000 0.050000 0.050000 0.050000 0.030000 0.070000 0.040000 0.050000 0.050000 0.050000 0.050000 0.050000 0.050000 0.050000 0.050000 0.070000
40      0.050000 0.030000 0.070000 0.040000 0.050000 0.050000 0.050000 0.050000 0.030000 0.070000 0.040000 0.050000 0.050000 0.050000 0.050000 0.050000 0.050000 0.050000 0.050000 0.070000
41      0.050000 0.030000 0.070000 0.040000 0.050000 0.050000 0.050000 0.050000 0.030000 0.070000 0.040000 0.050000 0.050000 0.050000 0.050000 0.050000 0.050000 0.050000 0.050000 0.070000
42      0.011111 0.033333 0.077778 0.044444 0.055556 0.055556 0.055556 0.055556 0.033333 0.077778 0.044444 0.055556 0.055556 0.055556 0.055556 0.055556 0.055556 0.055556 0.055556 0.011111
43      0.040816 0.051020 0.051020 0.051020 0.051020 0.051020 0.051020 0.051020 0.030612 0.071429 0.040816 0.051020 0.051020 0.051020 0.051020 0.051020 0.051020 0.051020 0.040816 0.061224
44      0.050000 0.030000 0.070000 0.040000 0.050000 0.050000 0.050000 0.050000 0.030000 0.070000 0.040000 0.050000 0.050000 0.050000 0.050000 0.050000 0.050000 0.050000 0.050000 0.070000
45      0.050000 0.030000 0.070000 0.040000 0.050000 0.050000 0.050000 0.050000 0.030000 0.070000 0.040000 0.050000 0.050000 0.050000 0.050000 0.050000 0.050000 0.050000 0.050000 0.070000
46      0.040816 0.051020 0.051020 0.051020 0.051020 0.051020 0.051020 0.051020 0.030612 0.071429 0.040816 0.051020 0.051020 0.051020 0.051020 0.051020 0.051020 0.051020 0.040816 0.061224
47      0.011111 0.033333 0.077778 0.044444 0.055556 0.055556 0.055556 0.055556 0.033333 0.077778 0.044444 0.055556 0.055556 0.055556 0.055556 0.055556 0.055556 0.055556 0.055556 0.011111
48      0.050000 0.030000 0.070000 0.040000 0.050000 0.050000 0.050000 0.050000 0.030000 0.070000 0.040000 0.050000 0.050000 0.050000 0.050000 0.050000 0.050000 0.050000 0.050000 0.070000
49      0.050000 0.030000 0.070000 0.040000 0.050000 0.050000 0.050000 0.050000 0.030000 0.070000 0.040000 0.050000 0.050000 0.050000 0.050000 0.050000 0.050000 0.050000 0.050000 0.070000
50      0.040816 0.051020 0.051020 0.051020 0.051020 0.051020 0.051020 0.051020 0.030612 0.071429 0.040816 0.051020 0.051020 0.051020 0.051020 0.051020 0.051020 0.051020 0.040816 0.061224
51      0.050000 0.030000 0.070000 0.040000 0.050000 0.050000 0.050000 0.050000 0.030000 0.070000 0.040000 0.050000 0.050000 0.050000 0.050000 0.050000 0.050000 0.050000 0.050000 0.070000
52      0.040816 0.051020 0.051020 0.051020 0.051020 0.051020 0.051020 0.051020 0.030612 0.071429 0.040816 0.051020 0.051020 0.051020 0.051020 0.051020 0.051020 0.051020 0.040816 0.061224
53      0.040816 0.051020 0.051020 0.051020 0.051020 0.051020 0.051020 0.051020 0.030612 0.071429 0.040816 0.051020 0.051020 0.051020 0.051020 0.051020 0.051020 0.051020 0.040816 0.061224
54      0.050000 0.030000 0.070000 0.040000 0.050000 0.050000 0.050000 0.050000 0.030000 0.070000 0.040000 0.050000 0.050000 0.050000 0.050000 0.050000 0.050000 0.050000 0.050000 0.070000
55      0.011111 0.033333 0.077778 0.044444 0.055556 0.055556 0.055556 0.055556 0.033333 0.077778 0.044444 0.055556 0.055556 0.055556 0.055556 0.055556 0.055556 0.055556 0.055556 0.011111
56      0.011111 0.033333 0.077778 0.044444 0.055556 0.055556 0.055556 0.055556 0.033333 0.077778 0.044444 0.055556 0.055556 0.055556 0.055556 0.055556 0.055556 0.055556 0.055556 0.011111
57      0.050000 0.030000 0.070000 0.040000 0.050000 0.050000 0.050000 0.050000 0.030000 0.070000 0.040000 0.050000 0.050000 0.050000 0.050000 0.050000 0.050000 0.050000 0.050000 0.070000
58      0.040816 0.051020 0.051020 0.051020 0.051020 0.051020 0.051020 0.051020 0.030612 0.071429 0.040816 0.051020 0.051020 0.051020 0.051020 0.051020 0.051020 0.051020 0.040816 0.061224
59      0.050000 0.030000 0.070000 0.040000 0.050000 0.050000 0.050000 0.050000 0.030000 0.070000 0.040000 0.050000 0.050000 0.050000 0.050000 0.050000 0.050000 0.050000 0.050000 0.070000
60      0.040816 0.051020 0.051020 0.051020 0.051020 0.051020 0.051020 0.051020 0.030612 0.071429 0.040816 0.051020 0.051020 0.051020 0.051020 0.051020 0.051020 0.051020 0.040816 0.061224
61      0.040816 0.051020 0.051020 0.051020 0.051020 0.051020 0.051020 0.051020 0.030612 0.071429 0.040816 0.051020 0.051020 0.051020 0.051020 0.051020 0.051020 0.051020 0.040816 0.061224
62      0.050000 0.030000 0.070000 0.040000 0.050000 0.050000 0.050000 0.050000 0.030000 0.070000 0.040000 0.050000 0.050000 0.050000 0.050000 0.050000 0.050000 0.050000 0.050000 0.070000
63      0.050000 0.030000 0.070000 0.040000 0.050000 0.050000 0.050000 0.050000 0.030000 0.070000 0.040000 0.050000 0.050000 0.050000 0.050000 0.050000 0.050000 0.050000 0.050000 0.070000
64      0.050000 0.030000 0.070000 0.040000 0.050000 0.050000 0.050000 0.050000 0.030000 0.070000 0.040000 0.050000 0.050000 0.050000 0.050000 0.050000 0.050000 0.050000 0.050000 0.070000
65      0.040816 0.051020 0.051020 0.051020 0.051020 0.051020 0.051020 0.051020 0.030612 0.071429 0.040816 0.051020 0.051020 0.051020 0.051020 0.051020 0.051020 0.051020 0.040816 0.061224
66      0.011111 0.033333 0.077778 0.044444 0.055556 0.055556 0.055556 0.055556 0.033333 0.077778 0.044444 0.055556 0.055556 0.055556 0.055556 0.055556 0.055556 0.055556 0.055556 0.011111
67      0.050000 0.030000 0.070000 0.040000 0.050000 0.050000 0.050000 0.050000 0.030000 0.070000 0.040000 0.050000 0.050000 0.050000 0.050000 0.050000 0.050000 0.050000 0.050000 0.070000
68      0.040816 0.051020 0.051020 0.051020 0.051020 0.051020 0.051020 0.051020 0.030612 0.071429 0.040816 0.051020 0.051020 0.051020 0.051020 0.051020 0.051020 0.051020 0.040816 0.061224
69      0.050000 0.030000 0.070000 0.040000 0.050000 0.050000 0.050000 0.050000 0.030000 0.070000 0.040000 0.050000 0.050000 0.050000 0.050000 0.050000 0.050000 0.050000 0.050000 0.070000
70      0.050000 0.030000 0.070000 0.040000 0.050000 0.050000 0.050000 0.050000 0.030000 0.070000 0.040000 0.050000 0.050000 0.050000 0.050000 0.050000 0.050000 0.050000 0.050000 0.070000
71      0.050000 0.030000 0.070000 0.040000 0.050000 0.050000 0.050000 0.050000 0.030000 0.070000 0.040000 0.050000 0.050000 0.050000 0.050000 0.050000 0.050000 0.050000 0.050000 0.070000
72      0.040816 0.051020 0.051020 0.051020 0.051020 0.051020 0.051020 0.051020 0.030612 0.071429 0.040816 0.051020 0.051020 0.051020 0.051020 0.051020 0.051020 0.051020 0.040816 0.061224
73      0.040816 0.051020 0.051020 0.051020 0.051020 0.051020 0.051020 0.051020 0.030612 0.071429 0.040816 0.051020 0.051020 0.051020 0.051020 0.051020 0.051020 0.051020 0.040816 0.061224
74      0.040816 0.051020 0.051020 0.051020 0.051020 0.051020 0.051020 0.051020 0.030612 0.071429 0.040816 0.051020 0.051020 0.051020 0.051020 0.051020 0.051020 0.051020 0.040816 0.061224
75      0.050000 0.030000 0.070000 0.040000 0.050000 0.050000 0.050000 0.050000 0.030000 0.070000 0.040000 0.050000 0.050000 0.050000 0.050000 0.050000 0.050000 0.050000 0.050000 0.070000
76      0.040816 0.051020 0.051020 0.051020 0.051020 0.051020 0.051020 0.051020 0.030612 0.071429 0.040816 0.051020 0.051020 0.051020 0.051020 0.051020 0.051020 0.051020 0.040816 0.061224
77      0.040816 0.051020 0.051020 0.051020 0.051020 0.051020 0.051020 0.051020 0.030612 0.071429 0.040816 0.051020 0.051020 0.051020 0.051020 0.051020 0.051020 0.051020 0.040816 0.061224
78      0.040816 0.051020 0.051020 0.051020 0.051020 0.051020 0.051020 0.051020 0.030612 0.071429 0.040816 0.051020 0.051020 0.051020 0.051020 0.051020 0.051020 0.051020 0.040816 0.061224
79      0.011111 0.033333 0.077778 0.044444 0.055556 0.055556 0.055556 0.055556 0.033333 0.077778 0.044444 0.055556 0.055556 0.055556 0.055556 0.055556 0.055556 0.055556 0.055556 0.011111
80      0.050000 0.030000 0.070000 0.040000 0.050000 0.050000 0.050000 0.050000 0.030000 0.070000 0.040000 0.050000 0.050000 0.050000 0.050000 0.050000 0.050000 0.050000 0.050000 0.070000
81      0.040816 0.051020 0.051020 0.051020 0.051020 0.051020 0.051020 0.051020 0.030612 0.071429 0.040816 0.051020 0.051020 0.051020 0.051020 0.051020 0.051020 0.051020 0.040816 0.061224
82      0.050000 0.030000 0.070000 0.040000 0.050000 0.050000 0.050000 0.050000 0.030000 0.070000 0.040000 0.050000 0.050000 0.050000 0.050000 0.050000 0.050000 0.050000 0.050000 0.070000
83      0.050000 0.030000 0.070000 0.040000 0.050000 0.050000 0.050000 0.050000 0.030000 0.070000 0.040000 0.050000 0.050000 0.050000 0.050000 0.050000 0.050000 0.050000 0.050000 0.070000
84      0.040816 0.051020 0.051020 0.051020 0.051020 0.051020 0.051020 0.051020 0.030612 0.071429 0.040816 0.051020 0.051020 0.051020 0.051020 0.051020 0.051020 0.051020 0.040816 0.061224
85      0.040816 0.051020 0.051020 0.051020 0.051020 0.051020 0.051020 0.051020 0.030612 0.071429 0.040816 0.051020 0.051020 0.051020 0.051020 0.051020 0.051020 0.051020 0.040816 0.061224
86      0.050000 0.030000 0.070000 0.040000 0.050000 0.050000 0.050000 0.050000 0.030000 0.070000 0.040000 0.050000 0.050000 0.050000 0.050000 0.050000 0.050000 0.050000 0.050000 0.070000
87      0.050000 0.030000 0.070000 0.040000 0.050000 0.050000 0.050000 0.050000 0.030000 0.070000 0.040000 0.050000 0.050000 0.050000 0.050000 0.050000 0.050000 0.050000 0.050000 0.070000
88      0.050000 0.030000 0.070000 0.040000 0.050000 0.050000 0.050000 0.050000 0.030000 0.070000 0.040000 0.050000 0.050000 0.050000 0.050000 0.050000 0.050000 0.050000 0.050000 0.070000
89      0.050000 0.030000 0.070000 0.040000 0.050000 0.050000 0.050000 0.050000 0.030000 0.070000 0.040000 0.050000 0.050000 0.050000 0.050000 0.050000 0.050000 0.050000 0.050000 0.070000
90      0.050000 0.030000 0.070000 0.040000 0.050000 0.050000 0.050000 0.050000 0.030000 0.070000 0.040000 0.050000 0.050000 0.050000 0.050000 0.050000 0.050000 0.050000 0.050000 0.070000
91      0.040816 0.051020 0.051020 0.051020 0.051020 0.051020 0.051020 0.051020 0.030612 0.071429 0.040816 0.051020 0.051020 0.051020 0.051020 0.051020 0.051020 0.051020 0.040816 0.061224
92      0.011111 0.033333 0.077778 0.044444 0.055556 0.055556 0.055556 0.055556 0.033333 0.077778 0.044444 0.055556 0.055556 0.055556 0.055556 0.055556 0.055556 0.055556 0.055556 0.011111
93      0.050000 0.030000 0.070000 0.040000 0.050000 0.050000 0.050000 0.050000 0.030000 0.070000 0.040000 0.050000 0.050000 0.050000 0.050000 0.050000 0.050000 0.050000 0.050000 0.070000
94      0.040816 0.051020 0.051020 0.051020 0.051020 0.051020 0.051020 0.051020 0.030612 0.071429 0.040816 0.051020 0.051020 0.051020 0.051020 0.051020 0.051020 0.051020 0.040816 0.061224
95      0.040816 0.051020 0.051020 0.051020 0.051020 0.051020 0.051020 0.051020 0.030612 0.071429 0.040816 0.051020 0.051020 0.051020 0.051020 0.051020 0.051020 0.051020 0.040816 0.061224
96      0.040816 0.051020 0.051020 0.051020 0.051020 0.051020 0.051020 0.051020 0.030612 0.071429 0.040816 0.051020 0.051020 0.051020 0.051020 0.051020 0.051020 0.051020 0.040816 0.061224
97      0.050000 0.030000 0.070000 0.040000 0.050000 0.050000 0.050000 0.050000 0.030000 0.070000 0.040000 0.050000 0.050000 0.050000 0.050000 0.050000 0.050000 0.050000 0.050000 0.070000
98      0.040816 0.051020 0.051020 0.051020 0.051020 0.051020 0.051020 0.051020 0.030612 0.071429 0.040816 0.051020 0.051020 0.051020 0.051020 0.051020 0.051020 0.051020 0.040816 0.061224
99      0.040816 0.051020 0.051020 0.051020 0.051020 0.051020 0.051020 0.051020 0.030612 0.071429 0.040816 0.051020 0.051020 0.051020 0.051020 0.051020 0.051020 0.051020 0.040816 0.061224
100      0.011111 0.033333 0.077778 0.044444 0.055556 0.055556 0.055556 0.055556 0.033333 0.077778 0.044444 0.055556 0.055556 0.055556 0.055556 0.055556 0.055556 0.055556 0.055556 0.011111
101      0.011111 0.033333 0.077778 0.044444 0.055556 0.055556 0.055556 0.055556 0.033333 0.077778 0.044444 0.055556 0.055556 0.055556 0.055556 0.055556 0.055556 0.055556 0.055556 0.011111
102      0.040816 0.051020 0.051020 0.051020 0.051020 0.051020 0.051020 0.051020 0.030612 0.071429 0.040816 0.051020 0.051020 0.051020 0.051020 0.051020 0.051020 0.051020 0.040816 0.061224
103      0.040816 0.051020 0.051020 0.051020 0.051020 0.051020 0.051020 0.051020 0.030612 0.071429 0.040816 0.051020 0.051020 0.051020 0.051020 0.051020 0.051020 0.051020 0.040816 0.061224
104      0.050000 0.030000 0.070000 0.040000 0.050000 0.050000 0.050000 0.050000 0.030000 0.070000 0.040000 0.050000 0.050000 0.050000 0.050000 0.050000 0.050000 0.050000 0.050000 0.070000
105      0.040816 0.051020 0.051020 0.051020 0.051020 0.051020 0.051020 0.051020 0.030612 0.071429 0.040816 0.051020 0.051020 0.051020 0.051020 0.051020 0.051020 0.051020 0.040816 0.061224
106      0.050000 0.030000 0.070000 0.040000 0.050000 0.050000 0.050000 0.050000 0.030000 0.070000 0.040000 0.050000 0.050000 0.050000 0.050000 0.050000 0.050000 0.050000 0.050000 0.070000
107      0.040816 0.051020 0.051020 0.051020 0.051020 0.051020 0.051020 0.051020 0.030612 0.071429 0.040816 0.051020 0.051020 0.051020 0.051020 0.051020 0.051020 0.051020 0.040816 0.061224
108      0.040816 0.051020 0.051020 0.051020 0.051020 0.051020 0.051020 0.051020 0.030612 0.071429 0.040816 0.051020 0.051020 0.051020 0.051020 0.051020 0.051020 0.051020 0.040816 0.061224
109      0.040816 0.051020 0.051020 0.051020 0.051020 0.051020 0.051020 0.051020 0.030612 0.071429 0.040816 0.051020 0.051020 0.051020 0.051020 0.051020 0.051020 0.051020 0.040816 0.061224
110      0.040816 0.051020 0.051020 0.051020 0.051020 0.051020 0.051020 0.051020 0.030612 0.071429 0.040816 0.051020 0.051020 0.051020 0.051020 0.051020 0.051020 0.051020 0.040816 0.061224
111      0.040816 0.051020 0.051020 0.051020 0.051020 0.051020 0.051020 0.051020 0.030612 0.071429 0.040816 0.051020 0.051020 0.051020 0.051020 0.051020 0.051020 0.051020 0.040816 0.061224
112      0.050000 0.030000 0.070000 0.040000 0.050000 0.050000 0.050000 0.050000 0.030000 0.070000 0.040000 0.050000 0.050000 0.050000 0.050000 0.050000 0.050000 0.050000 0.050000 0.070000
113      0.040816 0.051020 0.051020 0.051020 0.051020 0.051020 0.051020 0.051020 0.030612 0.071429 0.040816 0.051020 0.051020 0.051020 0.051020 0.051020 0.051020 0.051020 0.040816 0.061224
114      0.050000 0.030000 0.070000 0.040000 0.050000 0.050000 0.050000 0.050000 0.030000 0.070000 0.040000 0.050000 0.050000 0.050000 0.050000 0.050000 0.050000 0.050000 0.050000 0.070000
115      0.040816 0.051020 0.051020 0.051020 0.051020 0.051020 0.051020 0.051020 0.030612 0.071429 0.040816 0.051020 0.051020 0.051020 0.051020 0.051020 0.051020 0.051020 0.040816 0.061224
116      0.040816 0.051020 0.051020 0.051020 0.051020 0.051020 0.051020 0.051020 0.030612 0.071429 0.040816 0.051020 0.051020 0.051020 0.051020 0.051020 0.051020 0.051020 0.040816 0.061224
117      0.050000 0.030000 0.070000 0.040000 0.050000 0.050000 0.050000 0.050000 0.030000 0.070000 0.040000 0.050000 0.050000 0.050000 0.050000 0.050000 0.050000 0.050000 0.050000 0.070000
118      0.040816 0.051020 0.051020 0.051020 0.051020 0.051020 0.051020 0.051020 0.030612 0.071429 0.040816 0.051020 0.051020 0.051020 0.051020 0.051020 0.051020 0.051020 0.040816 0.061224
119      0.040816 0.051020 0.051020 0.051020 0.051020 0.051020 0.051020 0.051020 0.030612 0.071429 0.040816 0.051020 0.051020 0.051020 0.051020 0.051020 0.051020 0.051020 0.040816 0.061224
120      0.050000 0.030000 0.070000 0.040000 0.050000 0.050000 0.050000 0.050000 0.030000 0.070000 0.040000 0.050000 0.050000 0.050000 0.050000 0.050000 0.050000 0.050000 0.050000 0.070000
121      0.050000 0.030000 0.070000 0.040000 0.050000 0.050000 0.050000 0.050000 0.030000 0.070000 0.040000 0.050000 0.050000 0.050000 0.050000 0.050000 0.050000 0.050000 0.050000 0.070000
122      0.040816 0.051020 0.051020 0.051020 0.051020 0.051020 0.051020 0.051020 0.030612 0.071429 0.040816 0.051020 0.051020 0.051020 0.051020 0.051020 0.051020 0.051020 0.040816 0.061224
123      0.040816 0.051020 0.051020 0.051020 0.051020 0.051020 0.051020 0.051020 0.030612 0.071429 0.040816 0.051020 0.051020 0.051020 0.051020 0.051020 0.051020 0.051020 0.040816 0.061224
124      0.040816 0.051020 0.051020 0.051020 0.051020 0.051020 0.051020 0.051020 0.030612 0.071429 0.040816 0.051020 0.051020 0.051020 0.051020 0.051020 0.051020 0.051020 0.040816 0.061224
125      0.050000 0.030000 0.070000 0.040000 0.050000 0.050000 0.050000 0.050000 0.030000 0.070000 0.040000 0.050000 0.050000 0.050000 0.050000 0.050000 0.050000 0.050000 0.050000 0.070000
126      0.050000 0.030000 0.070000 0.040000 0.050000 0.050000 0.050000 0.050000 0.030000 0.070000 0.040000 0.050000 0.050000 0.050000 0.050000 0.050000 0.050000 0.050000 0.050000 0.070000
127      0.011111 0.033333 0.077778 0.044444 0.055556 0.055556 0.055556 0.055556 0.033333 0.077778 0.044444 0.055556 0.055556 0.055556 0.055556 0.055556 0.055556 0.055556 0.055556 0.011111
128      0.040816 0.051020 0.051020 0.051020 0.051020 0.051020 0.051020 0.051020 0.030612 0.071429 0.040816 0.051020 0.051020 0.051020 0.051020 0.051020 0.051020 0.051020 0.040816 0.061224
129      0.040816 0.051020 0.051020 0.051020 0.051020 0.051020 0.051020 0.051020 0.030612 0.071429 0.040816 0.051020 0.051020 0.051020 0.051020 0.051020 0.051020 0.051020 0.040816 0.061224
130      0.050000 0.030000 0.070000 0.040000 0.050000 0.050000 0.050000 0.050000 0.030000 0.070000 0.040000 0.050000 0.050000 0.050000 0.050000 0.050000 0.050000 0.050000 0.050000 0.070000
131      0.040816 0.051020 0.051020 0.051020 0.051020 0.051020 0.051020 0.051020 0.030612 0.071429 0.040816 0.051020 0.051020 0.051020 0.051020 0.051020 0.051020 0.051020 0.040816 0.061224
132      0.011111 0.033333 0.077778 0.044444 0.055556 0.055556 0.055556 0.055556 0.033333 0.077778 0.044444 0.055556 0.055556 0.055556 0.055556 0.055556 0.055556 0.055556 0.055556 0.011111
133      0.040816 0.051020 0.051020 0.051020 0.051020 0.051020 0.051020 0.051020 0.030612 0.071429 0.040816 0.051020 0.051020 0.051020 0.051020 0.051020 0.051020 0.051020 0.040816 0.061224
134      0.040816 0.051020 0.051020 0.051020 0.051020 0.051020 0.051020 0.051020 0.030612 0.071429 0.040816 0.051020 0.051020 0.051020 0.051020 0.051020 0.051020 0.051020 0.040816 0.061224
135      0.011111 0.033333 0.077778 0.044444 0.055556 0.055556 0.055556 0.055556 0.033333 0.077778 0.044444 0.055556 0.055556 0.055556 0.055556 0.055556 0.055556 0.055556 0.055556 0.011111
136      0.050000 0.030000 0.070000 0.040000 0.050000 0.050000 0.050000 0.050000 0.030000 0.070000 0.040000 0.050000 0.050000 0.050000 0.050000 0.050000 0.050000 0.050000 0.050000 0.070000
137      0.040816 0.051020 0.051020 0.051020 0.051020 0.051020 0.051020 0.051020 0.030612 0.071429 0.040816 0.051020 0.051020 0.051020 0.051020 0.051020 0.051020 0.051020 0.040816 0.061224
138      0.040816 0.051020 0.051020 0.051020 0.051020 0.051020 0.051020 0.051020 0.030612 0.071429 0.040816 0.051020 0.051020 0.051020 0.051020 0.051020 0.051020 0.051020 0.040816 0.061224
139      0.050000 0.030000 0.070000 0.040000 0.050000 0.050000 0.050000 0.050000 0.030000 0.070000 0.040000 0.050000 0.050000 0.050000 0.050000 0.050000 0.050000 0.050000 0.050000 0.070000
140      0.011111 0.033333 0.077778 0.044444 0.055556 0.055556 0.055556 0.055556 0.033333 0.077778 0.044444 0.055556 0.055556 0.055556 0.055556 0.055556 0.055556 0.055556 0.055556 0.011111
141      0.011111 0.033333 0.077778 0.044444 0.055556 0.055556 0.055556 0.055556 0.033333 0.077778 0.044444 0.055556 0.055556 0.055556 0.055556 0.055556 0.055556 0.055556 0.055556 0.011111
142      0.011111 0.033333 0.077778 0.044444 0.055556 0.055556 0.055556 0.055556 0.033333 0.077778 0.044444 0.055556 0.055556 0.055556 0.055556 0.055556 0.055556 0.055556 0.055556 0.011111
143      0.040816 0.051020 0.051020 0.051020 0.051020 0.051020 0.051020 0.051020 0.030612 0.071429 0.040816 0.051020 0.051020 0.051020 0.051020 0.051020 0.051020 0.051020 0.040816 0.061224
144      0.040816 0.051020 0.051020 0.051020 0.051020 0.051020 0.051020 0.051020 0.030612 0.071429 0.040816 0.051020 0.051020 0.051020 0.051020 0.051020 0.051020 0.051020 0.040816 0.061224
145      0.050000 0.030000 0.070000 0.040000 0.050000 0.050000 0.050000 0.050000 0.030000 0.070000 0.040000 0.050000 0.050000 0.050000 0.050000 0.050000 0.050000 0.050000 0.050000 0.070000
146      0.040816 0.051020 0.051020 0.051020 0.051020 0.051020 0.051020 0.051020 0.030612 0.071429 0.040816 0.051020 0.051020 0.051020 0.051020 0.051020 0.051020 0.051020 0.040816 0.061224
147      0.040816 0.051020 0.051020 0.051020 0.051020 0.051020 0.051020 0.051020 0.030612 0.071429 0.040816 0.051020 0.051020 0.051020 0.051020 0.051020 0.051020 0.051020 0.040816 0.061224
148      0.040816 0.051020 0.051020 0.051020 0.051020 0.051020 0.051020 0.051020 0.030612 0.071429 0.040816 0.051020 0.051020 0.051020 0.051020 0.051020 0.051020 0.051020 0.040816 0.061224
149      0.040816 0.051020 0.051020 0.051020 0.051020 0.051020 0.051020 0.051020 0.030612 0.071429 0.040816 0.051020 0.051020 0.051020 0.051020 0.051020 0.051020 0.051020 0.040816 0.061224
150      0.050000 0.030000 0.070000 0.040000 0.050000 0.050000 0.050000 0.050000 0.030000 0.070000 0.040000 0.050000 0.050000 0.050000 0.050000 0.050000 0.050000 0.050000 0.050000 0.070000
