

Dataset_1 Fragment_1 [1-150]
----------------- Nodes -----------------------
  class  label index (left right anc) | NetNode[info]       (left right anc) |        time    time length   branch lenght
---------------------------------------------------------------------------------------------------------------
    root    16     1 (   2    3   -1) |     14[root]     (   12    13    -1) |     1608.13           0.00        0.000000
internal    11     2 (   4    5    1) |     12           (    0    10    14) |      829.72         778.41        0.552670
     tip     1     4 (  -1   -1    2) |      0[seq00001] (   -1    -1    12) |        0.00         829.72        0.589104
internal    10     5 (   6    7    2) |     10           (    6     2    12) |      196.00         633.73        0.449946
     tip     7     6 (  -1   -1    5) |      6[seq00007] (   -1    -1    10) |        0.00         196.00        0.139159
     tip     3     7 (  -1   -1    5) |      2[seq00003] (   -1    -1    10) |        0.00         196.00        0.139159
internal    15     3 (   8    9    1) |     13           (   11     9    14) |     1453.84         154.29        0.109545
internal    13     8 (  10   11    3) |     11           (    8     4    13) |      511.40         942.45        0.669137
internal    12    10 (  12   13    8) |      8           (    1     5    11) |       18.94         492.46        0.349645
     tip     2    12 (  -1   -1   10) |      1[seq00002] (   -1    -1     8) |        0.00          18.94        0.013447
     tip     6    13 (  -1   -1   10) |      5[seq00006] (   -1    -1     8) |        0.00          18.94        0.013447
     tip     5    11 (  -1   -1    8) |      4[seq00005] (   -1    -1    11) |        0.00         511.40        0.363092
internal    14     9 (  14   15    3) |      9           (    7     3    13) |       98.31        1355.54        0.962432
     tip     8    14 (  -1   -1    9) |      7[seq00008] (   -1    -1     9) |        0.00          98.31        0.069797
     tip     4    15 (  -1   -1    9) |      3[seq00004] (   -1    -1     9) |        0.00          98.31        0.069797
outgroup     9    17 (  -1   -1    1) |     15[outgroup] (   -1    -1    14) |        0.00         140.85        0.100000


Dataset_2 Fragment_1 [1-150]
----------------- Nodes -----------------------
  class  label index (left right anc) | NetNode[info]       (left right anc) |        time    time length   branch lenght
---------------------------------------------------------------------------------------------------------------
    root    16     1 (   2    3   -1) |     14[root]     (    9    13    -1) |     4087.27           0.00        0.000000
internal    10     2 (   4    5    1) |      9           (    6     3    14) |       22.10        4065.17        2.886269
     tip     7     4 (  -1   -1    2) |      6[seq00007] (   -1    -1     9) |        0.00          22.10        0.015691
     tip     4     5 (  -1   -1    2) |      3[seq00004] (   -1    -1     9) |        0.00          22.10        0.015691
internal    15     3 (   6    7    1) |     13           (   12    11    14) |     2502.15        1585.12        1.125433
internal    13     6 (   8    9    3) |     12           (   10     5    13) |      809.07        1693.08        1.202090
internal    12     8 (  10   11    6) |     10           (    8     1    12) |      212.89         596.18        0.423286
internal    11    10 (  12   13    8) |      8           (    7     0    10) |       18.94         193.95        0.137703
     tip     8    12 (  -1   -1   10) |      7[seq00008] (   -1    -1     8) |        0.00          18.94        0.013447
     tip     1    13 (  -1   -1   10) |      0[seq00001] (   -1    -1     8) |        0.00          18.94        0.013447
     tip     2    11 (  -1   -1    8) |      1[seq00002] (   -1    -1    10) |        0.00         212.89        0.151150
     tip     6     9 (  -1   -1    6) |      5[seq00006] (   -1    -1    12) |        0.00         809.07        0.574436
internal    14     7 (  14   15    3) |     11           (    4     2    13) |      497.34        2004.81        1.423414
     tip     5    14 (  -1   -1    7) |      4[seq00005] (   -1    -1    11) |        0.00         497.34        0.353112
     tip     3    15 (  -1   -1    7) |      2[seq00003] (   -1    -1    11) |        0.00         497.34        0.353112
outgroup     9    17 (  -1   -1    1) |     15[outgroup] (   -1    -1    14) |        0.00         140.85        0.100000
