8 6_seq00007
9 4_seq00005
10 2_seq00003
11 0_seq00001
12 3_seq00004
13 11
13 1_seq00002
14 7_seq00008
14 13
15 9
15 8
16 5_seq00006
17 11
17 10
18 10
19 8
19 15
20 14
21 19
22 17
22 21
23 22
23 12
24 21
24 16
25 20
26 25
26 24
27 9
28 16
29 23
30 26
31 20
31 28
32 27
32 18
33 27
34 18
34 25
35 29
36 34
37 29
37 35
38 28
39 31
40 39
40 33
41 38
41 36
42 33
42 35
43 39
44 37
45 12
45 41
46 43
47 40
48 44
49 48
49 45
50 47
50 42
51 47
51 49
52 46
53 43
53 52
54 51
55 54
55 46
56 30
56 50
57 36
57 52
58 56
59 32
59 30
60 55
61 58
61 60
62 54
62 59
63 60
63 62
64 57
65 58
66 65
67 53
67 66
68 61
69 38
69 63
70 64
71 68
72 71
72 67
73 72
74 73
75 74
76 70
76 69
77 76
78 75
79 71
80 78
80 77
81 77
82 78
82 68
83 81
84 79
85 83
85 82
86 85
87 86
88 83
88 80
89 87
90 73
90 81
91 84
91 79
92 84
92 91
93 90
93 89
94 86
94 93
95 92
96 95
97 96
98 88
99 98
100 94
101 97
101 98
102 99
103 100
103 95
104 102
105 101
106 105
107 106
107 103
108 100
108 105
109 108
110 109
111 109
111 110
112 111
113 104
113 107
114 112
115 114
115 113
116 112
116 115
117 106
117 116
118 114
118 104
119 117
119 110
120 119
120 118
