8 1_seq00002
8 3_seq00004
9 2_seq00003
10 5_seq00006
11 9
12 6_seq00007
13 12
14 13
14 8
15 11
15 14
16 10
17 15
17 0_seq00001
18 17
18 7_seq00008
19 10
20 19
20 18
21 13
22 19
22 16
23 16
23 22
24 23
24 4_seq00005
25 20
25 9
26 11
26 21
27 24
27 21
28 25
29 28
30 27
31 30
32 29
32 30
33 32
33 26
34 31
35 12
36 34
36 35
37 33
38 29
39 37
40 39
40 36
41 39
41 40
42 41
43 38
43 42
44 31
45 35
45 42
46 34
47 45
48 47
49 43
49 44
50 44
50 47
51 46
52 48
53 46
53 52
54 49
55 52
55 37
56 51
56 53
57 50
57 51
58 55
59 38
59 28
60 48
60 57
61 54
61 60
62 61
63 62
64 59
64 56
65 64
66 63
66 62
67 65
68 63
68 67
69 68
69 58
70 54
71 69
71 70
72 58
73 72
73 66
74 71
75 73
76 70
77 76
77 75
78 77
79 75
79 74
80 79
80 74
81 78
82 78
82 76
83 82
84 80
85 81
86 84
87 83
87 84
88 87
89 83
90 89
91 88
92 72
92 91
93 86
94 88
95 91
95 92
96 90
96 94
97 85
98 94
98 93
99 97
99 90
100 99
101 95
102 100
102 89
103 100
104 96
104 97
105 102
106 105
106 101
107 101
108 105
108 104
109 107
110 107
110 103
111 108
111 103
112 98
112 109
113 110
113 106
114 112
115 109
116 114
117 116
118 117
118 113
119 114
119 117
120 119
121 115
121 116
122 111
123 115
123 122
124 118
125 121
126 124
127 122
128 127
128 120
129 126
129 125
130 128
130 120
131 129
131 127
132 131
132 123
133 132
133 125
134 133
134 124
135 126
136 135
136 134
137 136
137 130
138 135
139 137
139 138
140 138
140 139
