

Dataset_1 Fragment_1 [1-5]
-------------------- Nodes -------------------------
  class  label index (left right anc) | NetNode[info]       (left right anc) | deme |        time    time length   branch lenght
----------------------------------------------------------------------------------------------------------------------
    root   16    1   (   4    3   -1) |     47[root]     (   34    45    -1) |  3 |      758.50           0.00        0.000000
internal   10    4   (   8    6    1) |     34           (    1     0    47) |  1 |      279.49         479.01        0.340094
     tip    2    8   (  -1   -1    4) |      1[seq00002] (   -1    -1    34) |  1 |        0.00         279.49        0.198441
     tip    1    6   (  -1   -1    4) |      0[seq00001] (   -1    -1    34) |  1 |        0.00         279.49        0.198441
internal   15    3   (  11   10    1) |     45           (   35    39    47) |  3 |      517.84         240.66        0.170871
internal   13   11   (  12   21    3) |     35           (   25    23    45) |  3 |      298.51         219.33        0.155722
internal   11   12   (  16   19   11) |     25           (    7     5    35) |  3 |      254.67          43.84        0.031129
     tip    8   16   (  -1   -1   12) |      7[seq00008] (   -1    -1    25) |  4 |        0.00         254.67        0.180812
     tip    6   19   (  -1   -1   12) |      5[seq00006] (   -1    -1    25) |  3 |        0.00         254.67        0.180812
internal   12   21   (  25   23   11) |     23           (    4     6    35) |  3 |      251.23          47.28        0.033567
     tip    5   25   (  -1   -1   21) |      4[seq00005] (   -1    -1    23) |  3 |        0.00         251.23        0.178374
     tip    7   23   (  -1   -1   21) |      6[seq00007] (   -1    -1    23) |  3 |        0.00         251.23        0.178374
internal   14   10   (  26   31    3) |     39           (    3     2    45) |  2 |      310.51         207.32        0.147199
     tip    4   26   (  -1   -1   10) |      3[seq00004] (   -1    -1    39) |  2 |        0.00         310.51        0.220464
     tip    3   31   (  -1   -1   10) |      2[seq00003] (   -1    -1    39) |  2 |        0.00         310.51        0.220464
outgroup    9  423   (  -1   -1    1) |     48[outgroup] (   -1    -1    47) |  0 |        0.00         140.85        0.100000


Dataset_1 Fragment_2 [6-7]
-------------------- Nodes -------------------------
  class  label index (left right anc) | NetNode[info]       (left right anc) | deme |        time    time length   branch lenght
----------------------------------------------------------------------------------------------------------------------
    root   16   32   (  36   35   -1) |     47[root]     (   34    45    -1) |  3 |      758.50           0.00        0.000000
internal   10   36   (  40   38   32) |     34           (    1     0    47) |  1 |      279.49         479.01        0.340094
     tip    2   40   (  -1   -1   36) |      1[seq00002] (   -1    -1    34) |  1 |        0.00         279.49        0.198441
     tip    1   38   (  -1   -1   36) |      0[seq00001] (   -1    -1    34) |  1 |        0.00         279.49        0.198441
internal   15   35   (  43   42   32) |     45           (   35    39    47) |  3 |      517.84         240.66        0.170871
internal   13   43   (  44   53   35) |     35           (   25    23    45) |  3 |      298.51         219.33        0.155722
internal   11   44   (  48   51   43) |     25           (    7     5    35) |  3 |      254.67          43.84        0.031129
     tip    8   48   (  -1   -1   44) |      7[seq00008] (   -1    -1    25) |  4 |        0.00         254.67        0.180812
     tip    6   51   (  -1   -1   44) |      5[seq00006] (   -1    -1    25) |  3 |        0.00         254.67        0.180812
internal   12   53   (  57   55   43) |     23           (    4     6    35) |  3 |      251.23          47.28        0.033567
     tip    5   57   (  -1   -1   53) |      4[seq00005] (   -1    -1    23) |  3 |        0.00         251.23        0.178374
     tip    7   55   (  -1   -1   53) |      6[seq00007] (   -1    -1    23) |  3 |        0.00         251.23        0.178374
internal   14   42   (  58   63   35) |     39           (    3     2    45) |  2 |      310.51         207.32        0.147199
     tip    4   58   (  -1   -1   42) |      3[seq00004] (   -1    -1    39) |  2 |        0.00         310.51        0.220464
     tip    3   63   (  -1   -1   42) |      2[seq00003] (   -1    -1    39) |  2 |        0.00         310.51        0.220464
outgroup    9  424   (  -1   -1   32) |     49[outgroup] (   -1    -1    47) |  0 |        0.00         140.85        0.100000


Dataset_1 Fragment_3 [8-12]
-------------------- Nodes -------------------------
  class  label index (left right anc) | NetNode[info]       (left right anc) | deme |        time    time length   branch lenght
----------------------------------------------------------------------------------------------------------------------
    root   16   64   (  66   67   -1) |     47[root]     (   46    45    -1) |  3 |      758.50           0.00        0.000000
internal   11   66   (  75   69   64) |     46           (    7    34    47) |  1 |      641.12         117.38        0.083342
     tip    8   75   (  -1   -1   66) |      7[seq00008] (   -1    -1    46) |  4 |        0.00         641.12        0.455192
internal   10   69   (  79   77   66) |     34           (    1     0    46) |  1 |      279.49         361.62        0.256752
     tip    2   79   (  -1   -1   69) |      1[seq00002] (   -1    -1    34) |  1 |        0.00         279.49        0.198441
     tip    1   77   (  -1   -1   69) |      0[seq00001] (   -1    -1    34) |  1 |        0.00         279.49        0.198441
internal   15   67   (  82   81   64) |     45           (   35    39    47) |  3 |      517.84         240.66        0.170871
internal   13   82   (  88   90   67) |     35           (    5    23    45) |  3 |      298.51         219.33        0.155722
     tip    6   88   (  -1   -1   82) |      5[seq00006] (   -1    -1    35) |  3 |        0.00         298.51        0.211941
internal   12   90   (  94   92   82) |     23           (    4     6    35) |  3 |      251.23          47.28        0.033567
     tip    5   94   (  -1   -1   90) |      4[seq00005] (   -1    -1    23) |  3 |        0.00         251.23        0.178374
     tip    7   92   (  -1   -1   90) |      6[seq00007] (   -1    -1    23) |  3 |        0.00         251.23        0.178374
internal   14   81   (  95  100   67) |     39           (    3     2    45) |  2 |      310.51         207.32        0.147199
     tip    4   95   (  -1   -1   81) |      3[seq00004] (   -1    -1    39) |  2 |        0.00         310.51        0.220464
     tip    3  100   (  -1   -1   81) |      2[seq00003] (   -1    -1    39) |  2 |        0.00         310.51        0.220464
outgroup    9  425   (  -1   -1   64) |     50[outgroup] (   -1    -1    47) |  0 |        0.00         140.85        0.100000


Dataset_1 Fragment_4 [13-18]
-------------------- Nodes -------------------------
  class  label index (left right anc) | NetNode[info]       (left right anc) | deme |        time    time length   branch lenght
----------------------------------------------------------------------------------------------------------------------
    root   16  101   ( 103  104   -1) |     47[root]     (   46    45    -1) |  3 |      758.50           0.00        0.000000
internal   11  103   ( 112  106  101) |     46           (    7    34    47) |  1 |      641.12         117.38        0.083342
     tip    8  112   (  -1   -1  103) |      7[seq00008] (   -1    -1    46) |  4 |        0.00         641.12        0.455192
internal   10  106   ( 116  114  103) |     34           (    1     0    46) |  1 |      279.49         361.62        0.256752
     tip    2  116   (  -1   -1  106) |      1[seq00002] (   -1    -1    34) |  1 |        0.00         279.49        0.198441
     tip    1  114   (  -1   -1  106) |      0[seq00001] (   -1    -1    34) |  1 |        0.00         279.49        0.198441
internal   15  104   ( 119  118  101) |     45           (   35    39    47) |  3 |      517.84         240.66        0.170871
internal   13  119   ( 125  127  104) |     35           (    5    23    45) |  3 |      298.51         219.33        0.155722
     tip    6  125   (  -1   -1  119) |      5[seq00006] (   -1    -1    35) |  3 |        0.00         298.51        0.211941
internal   12  127   ( 131  129  119) |     23           (    4     6    35) |  3 |      251.23          47.28        0.033567
     tip    5  131   (  -1   -1  127) |      4[seq00005] (   -1    -1    23) |  3 |        0.00         251.23        0.178374
     tip    7  129   (  -1   -1  127) |      6[seq00007] (   -1    -1    23) |  3 |        0.00         251.23        0.178374
internal   14  118   ( 132  137  104) |     39           (    3     2    45) |  2 |      310.51         207.32        0.147199
     tip    4  132   (  -1   -1  118) |      3[seq00004] (   -1    -1    39) |  2 |        0.00         310.51        0.220464
     tip    3  137   (  -1   -1  118) |      2[seq00003] (   -1    -1    39) |  2 |        0.00         310.51        0.220464
outgroup    9  426   (  -1   -1  101) |     51[outgroup] (   -1    -1    47) |  0 |        0.00         140.85        0.100000


Dataset_1 Fragment_5 [19-46]
-------------------- Nodes -------------------------
  class  label index (left right anc) | NetNode[info]       (left right anc) | deme |        time    time length   branch lenght
----------------------------------------------------------------------------------------------------------------------
    root   16  138   ( 140  141   -1) |     47[root]     (   46    45    -1) |  3 |      758.50           0.00        0.000000
internal   11  140   ( 149  143  138) |     46           (    7    34    47) |  1 |      641.12         117.38        0.083342
     tip    8  149   (  -1   -1  140) |      7[seq00008] (   -1    -1    46) |  4 |        0.00         641.12        0.455192
internal   10  143   ( 153  151  140) |     34           (    1     0    46) |  1 |      279.49         361.62        0.256752
     tip    2  153   (  -1   -1  143) |      1[seq00002] (   -1    -1    34) |  1 |        0.00         279.49        0.198441
     tip    1  151   (  -1   -1  143) |      0[seq00001] (   -1    -1    34) |  1 |        0.00         279.49        0.198441
internal   15  141   ( 158  155  138) |     45           (   28    39    47) |  3 |      517.84         240.66        0.170871
internal   13  158   ( 162  160  141) |     28           (    5    23    45) |  3 |      257.83         260.01        0.184606
     tip    6  162   (  -1   -1  158) |      5[seq00006] (   -1    -1    28) |  3 |        0.00         257.83        0.183057
internal   12  160   ( 166  164  158) |     23           (    4     6    28) |  3 |      251.23           6.60        0.004683
     tip    5  166   (  -1   -1  160) |      4[seq00005] (   -1    -1    23) |  3 |        0.00         251.23        0.178374
     tip    7  164   (  -1   -1  160) |      6[seq00007] (   -1    -1    23) |  3 |        0.00         251.23        0.178374
internal   14  155   ( 167  172  141) |     39           (    3     2    45) |  2 |      310.51         207.32        0.147199
     tip    4  167   (  -1   -1  155) |      3[seq00004] (   -1    -1    39) |  2 |        0.00         310.51        0.220464
     tip    3  172   (  -1   -1  155) |      2[seq00003] (   -1    -1    39) |  2 |        0.00         310.51        0.220464
outgroup    9  427   (  -1   -1  138) |     52[outgroup] (   -1    -1    47) |  0 |        0.00         140.85        0.100000


Dataset_1 Fragment_6 [47-55]
-------------------- Nodes -------------------------
  class  label index (left right anc) | NetNode[info]       (left right anc) | deme |        time    time length   branch lenght
----------------------------------------------------------------------------------------------------------------------
    root   16  173   ( 175  176   -1) |     47[root]     (   46    45    -1) |  3 |      758.50           0.00        0.000000
internal   11  175   ( 184  178  173) |     46           (    7    34    47) |  1 |      641.12         117.38        0.083342
     tip    8  184   (  -1   -1  175) |      7[seq00008] (   -1    -1    46) |  4 |        0.00         641.12        0.455192
internal   10  178   ( 188  186  175) |     34           (    1     0    46) |  1 |      279.49         361.62        0.256752
     tip    2  188   (  -1   -1  178) |      1[seq00002] (   -1    -1    34) |  1 |        0.00         279.49        0.198441
     tip    1  186   (  -1   -1  178) |      0[seq00001] (   -1    -1    34) |  1 |        0.00         279.49        0.198441
internal   15  176   ( 193  190  173) |     45           (   28    39    47) |  3 |      517.84         240.66        0.170871
internal   13  193   ( 197  195  176) |     28           (    5    23    45) |  3 |      257.83         260.01        0.184606
     tip    6  197   (  -1   -1  193) |      5[seq00006] (   -1    -1    28) |  3 |        0.00         257.83        0.183057
internal   12  195   ( 201  199  193) |     23           (    4     6    28) |  3 |      251.23           6.60        0.004683
     tip    5  201   (  -1   -1  195) |      4[seq00005] (   -1    -1    23) |  3 |        0.00         251.23        0.178374
     tip    7  199   (  -1   -1  195) |      6[seq00007] (   -1    -1    23) |  3 |        0.00         251.23        0.178374
internal   14  190   ( 202  207  176) |     39           (    3     2    45) |  2 |      310.51         207.32        0.147199
     tip    4  202   (  -1   -1  190) |      3[seq00004] (   -1    -1    39) |  2 |        0.00         310.51        0.220464
     tip    3  207   (  -1   -1  190) |      2[seq00003] (   -1    -1    39) |  2 |        0.00         310.51        0.220464
outgroup    9  428   (  -1   -1  173) |     53[outgroup] (   -1    -1    47) |  0 |        0.00         140.85        0.100000


Dataset_1 Fragment_7 [56-73]
-------------------- Nodes -------------------------
  class  label index (left right anc) | NetNode[info]       (left right anc) | deme |        time    time length   branch lenght
----------------------------------------------------------------------------------------------------------------------
    root   16  208   ( 210  211   -1) |     47[root]     (   46    45    -1) |  3 |      758.50           0.00        0.000000
internal   11  210   ( 219  213  208) |     46           (    7    34    47) |  1 |      641.12         117.38        0.083342
     tip    8  219   (  -1   -1  210) |      7[seq00008] (   -1    -1    46) |  4 |        0.00         641.12        0.455192
internal   10  213   ( 223  221  210) |     34           (    1     0    46) |  1 |      279.49         361.62        0.256752
     tip    2  223   (  -1   -1  213) |      1[seq00002] (   -1    -1    34) |  1 |        0.00         279.49        0.198441
     tip    1  221   (  -1   -1  213) |      0[seq00001] (   -1    -1    34) |  1 |        0.00         279.49        0.198441
internal   15  211   ( 228  225  208) |     45           (   28    39    47) |  3 |      517.84         240.66        0.170871
internal   13  228   ( 232  230  211) |     28           (    5    23    45) |  3 |      257.83         260.01        0.184606
     tip    6  232   (  -1   -1  228) |      5[seq00006] (   -1    -1    28) |  3 |        0.00         257.83        0.183057
internal   12  230   ( 236  234  228) |     23           (    4     6    28) |  3 |      251.23           6.60        0.004683
     tip    5  236   (  -1   -1  230) |      4[seq00005] (   -1    -1    23) |  3 |        0.00         251.23        0.178374
     tip    7  234   (  -1   -1  230) |      6[seq00007] (   -1    -1    23) |  3 |        0.00         251.23        0.178374
internal   14  225   ( 237  242  211) |     39           (    3     2    45) |  2 |      310.51         207.32        0.147199
     tip    4  237   (  -1   -1  225) |      3[seq00004] (   -1    -1    39) |  2 |        0.00         310.51        0.220464
     tip    3  242   (  -1   -1  225) |      2[seq00003] (   -1    -1    39) |  2 |        0.00         310.51        0.220464
outgroup    9  429   (  -1   -1  208) |     54[outgroup] (   -1    -1    47) |  0 |        0.00         140.85        0.100000


Dataset_1 Fragment_8 [74-95]
-------------------- Nodes -------------------------
  class  label index (left right anc) | NetNode[info]       (left right anc) | deme |        time    time length   branch lenght
----------------------------------------------------------------------------------------------------------------------
    root   16  243   ( 245  270   -1) |     47[root]     (   46    39    -1) |  3 |      758.50           0.00        0.000000
internal   14  245   ( 250  248  243) |     46           (   41    34    47) |  1 |      641.12         117.38        0.083342
internal   12  250   ( 255  257  245) |     41           (    7    28    46) |  4 |      315.86         325.25        0.230929
     tip    8  255   (  -1   -1  250) |      7[seq00008] (   -1    -1    41) |  4 |        0.00         315.86        0.224264
internal   11  257   ( 261  259  250) |     28           (    5    23    41) |  3 |      257.83          58.04        0.041207
     tip    6  261   (  -1   -1  257) |      5[seq00006] (   -1    -1    28) |  3 |        0.00         257.83        0.183057
internal   10  259   ( 265  263  257) |     23           (    4     6    28) |  3 |      251.23           6.60        0.004683
     tip    5  265   (  -1   -1  259) |      4[seq00005] (   -1    -1    23) |  3 |        0.00         251.23        0.178374
     tip    7  263   (  -1   -1  259) |      6[seq00007] (   -1    -1    23) |  3 |        0.00         251.23        0.178374
internal   13  248   ( 269  267  245) |     34           (    1     0    46) |  1 |      279.49         361.62        0.256752
     tip    2  269   (  -1   -1  248) |      1[seq00002] (   -1    -1    34) |  1 |        0.00         279.49        0.198441
     tip    1  267   (  -1   -1  248) |      0[seq00001] (   -1    -1    34) |  1 |        0.00         279.49        0.198441
internal   15  270   ( 271  276  243) |     39           (    3     2    47) |  2 |      310.51         447.99        0.318070
     tip    4  271   (  -1   -1  270) |      3[seq00004] (   -1    -1    39) |  2 |        0.00         310.51        0.220464
     tip    3  276   (  -1   -1  270) |      2[seq00003] (   -1    -1    39) |  2 |        0.00         310.51        0.220464
outgroup    9  430   (  -1   -1  243) |     55[outgroup] (   -1    -1    47) |  0 |        0.00         140.85        0.100000


Dataset_1 Fragment_9 [96-99]
-------------------- Nodes -------------------------
  class  label index (left right anc) | NetNode[info]       (left right anc) | deme |        time    time length   branch lenght
----------------------------------------------------------------------------------------------------------------------
    root   16  277   ( 279  304   -1) |     47[root]     (   46    39    -1) |  3 |      758.50           0.00        0.000000
internal   14  279   ( 284  282  277) |     46           (   41    34    47) |  1 |      641.12         117.38        0.083342
internal   12  284   ( 289  291  279) |     41           (    7    28    46) |  4 |      315.86         325.25        0.230929
     tip    8  289   (  -1   -1  284) |      7[seq00008] (   -1    -1    41) |  4 |        0.00         315.86        0.224264
internal   11  291   ( 295  293  284) |     28           (    5    23    41) |  3 |      257.83          58.04        0.041207
     tip    6  295   (  -1   -1  291) |      5[seq00006] (   -1    -1    28) |  3 |        0.00         257.83        0.183057
internal   10  293   ( 299  297  291) |     23           (    4     6    28) |  3 |      251.23           6.60        0.004683
     tip    5  299   (  -1   -1  293) |      4[seq00005] (   -1    -1    23) |  3 |        0.00         251.23        0.178374
     tip    7  297   (  -1   -1  293) |      6[seq00007] (   -1    -1    23) |  3 |        0.00         251.23        0.178374
internal   13  282   ( 303  301  279) |     34           (    1     0    46) |  1 |      279.49         361.62        0.256752
     tip    2  303   (  -1   -1  282) |      1[seq00002] (   -1    -1    34) |  1 |        0.00         279.49        0.198441
     tip    1  301   (  -1   -1  282) |      0[seq00001] (   -1    -1    34) |  1 |        0.00         279.49        0.198441
internal   15  304   ( 305  310  277) |     39           (    3     2    47) |  2 |      310.51         447.99        0.318070
     tip    4  305   (  -1   -1  304) |      3[seq00004] (   -1    -1    39) |  2 |        0.00         310.51        0.220464
     tip    3  310   (  -1   -1  304) |      2[seq00003] (   -1    -1    39) |  2 |        0.00         310.51        0.220464
outgroup    9  431   (  -1   -1  277) |     56[outgroup] (   -1    -1    47) |  0 |        0.00         140.85        0.100000


Dataset_1 Fragment_10 [100-120]
-------------------- Nodes -------------------------
  class  label index (left right anc) | NetNode[info]       (left right anc) | deme |        time    time length   branch lenght
----------------------------------------------------------------------------------------------------------------------
    root   16  311   ( 313  314   -1) |     47[root]     (   46    45    -1) |  3 |      758.50           0.00        0.000000
internal   13  313   ( 318  316  311) |     46           (   41    34    47) |  1 |      641.12         117.38        0.083342
internal   11  318   ( 323  326  313) |     41           (    7    23    46) |  4 |      315.86         325.25        0.230929
     tip    8  323   (  -1   -1  318) |      7[seq00008] (   -1    -1    41) |  4 |        0.00         315.86        0.224264
internal   10  326   ( 330  328  318) |     23           (    4     6    41) |  3 |      251.23          64.63        0.045890
     tip    5  330   (  -1   -1  326) |      4[seq00005] (   -1    -1    23) |  3 |        0.00         251.23        0.178374
     tip    7  328   (  -1   -1  326) |      6[seq00007] (   -1    -1    23) |  3 |        0.00         251.23        0.178374
internal   12  316   ( 334  332  313) |     34           (    1     0    46) |  1 |      279.49         361.62        0.256752
     tip    2  334   (  -1   -1  316) |      1[seq00002] (   -1    -1    34) |  1 |        0.00         279.49        0.198441
     tip    1  332   (  -1   -1  316) |      0[seq00001] (   -1    -1    34) |  1 |        0.00         279.49        0.198441
internal   15  314   ( 341  336  311) |     45           (    5    39    47) |  3 |      517.84         240.66        0.170871
     tip    6  341   (  -1   -1  314) |      5[seq00006] (   -1    -1    45) |  3 |        0.00         517.84        0.367664
internal   14  336   ( 342  347  314) |     39           (    3     2    45) |  2 |      310.51         207.32        0.147199
     tip    4  342   (  -1   -1  336) |      3[seq00004] (   -1    -1    39) |  2 |        0.00         310.51        0.220464
     tip    3  347   (  -1   -1  336) |      2[seq00003] (   -1    -1    39) |  2 |        0.00         310.51        0.220464
outgroup    9  432   (  -1   -1  311) |     57[outgroup] (   -1    -1    47) |  0 |        0.00         140.85        0.100000


Dataset_1 Fragment_11 [121-128]
-------------------- Nodes -------------------------
  class  label index (left right anc) | NetNode[info]       (left right anc) | deme |        time    time length   branch lenght
----------------------------------------------------------------------------------------------------------------------
    root   16  348   ( 350  351   -1) |     47[root]     (   46    45    -1) |  3 |      758.50           0.00        0.000000
internal   13  350   ( 355  353  348) |     46           (   41    34    47) |  1 |      641.12         117.38        0.083342
internal   11  355   ( 360  363  350) |     41           (    7    23    46) |  4 |      315.86         325.25        0.230929
     tip    8  360   (  -1   -1  355) |      7[seq00008] (   -1    -1    41) |  4 |        0.00         315.86        0.224264
internal   10  363   ( 367  365  355) |     23           (    4     6    41) |  3 |      251.23          64.63        0.045890
     tip    5  367   (  -1   -1  363) |      4[seq00005] (   -1    -1    23) |  3 |        0.00         251.23        0.178374
     tip    7  365   (  -1   -1  363) |      6[seq00007] (   -1    -1    23) |  3 |        0.00         251.23        0.178374
internal   12  353   ( 371  369  350) |     34           (    1     0    46) |  1 |      279.49         361.62        0.256752
     tip    2  371   (  -1   -1  353) |      1[seq00002] (   -1    -1    34) |  1 |        0.00         279.49        0.198441
     tip    1  369   (  -1   -1  353) |      0[seq00001] (   -1    -1    34) |  1 |        0.00         279.49        0.198441
internal   15  351   ( 378  373  348) |     45           (    5    39    47) |  3 |      517.84         240.66        0.170871
     tip    6  378   (  -1   -1  351) |      5[seq00006] (   -1    -1    45) |  3 |        0.00         517.84        0.367664
internal   14  373   ( 379  384  351) |     39           (    3     2    45) |  2 |      310.51         207.32        0.147199
     tip    4  379   (  -1   -1  373) |      3[seq00004] (   -1    -1    39) |  2 |        0.00         310.51        0.220464
     tip    3  384   (  -1   -1  373) |      2[seq00003] (   -1    -1    39) |  2 |        0.00         310.51        0.220464
outgroup    9  433   (  -1   -1  348) |     58[outgroup] (   -1    -1    47) |  0 |        0.00         140.85        0.100000


Dataset_1 Fragment_12 [129-150]
-------------------- Nodes -------------------------
  class  label index (left right anc) | NetNode[info]       (left right anc) | deme |        time    time length   branch lenght
----------------------------------------------------------------------------------------------------------------------
    root   16  385   ( 387  388   -1) |     47[root]     (   46    45    -1) |  3 |      758.50           0.00        0.000000
internal   13  387   ( 392  390  385) |     46           (   41    34    47) |  1 |      641.12         117.38        0.083342
internal   11  392   ( 397  400  387) |     41           (    7    23    46) |  4 |      315.86         325.25        0.230929
     tip    8  397   (  -1   -1  392) |      7[seq00008] (   -1    -1    41) |  4 |        0.00         315.86        0.224264
internal   10  400   ( 404  402  392) |     23           (    4     6    41) |  3 |      251.23          64.63        0.045890
     tip    5  404   (  -1   -1  400) |      4[seq00005] (   -1    -1    23) |  3 |        0.00         251.23        0.178374
     tip    7  402   (  -1   -1  400) |      6[seq00007] (   -1    -1    23) |  3 |        0.00         251.23        0.178374
internal   12  390   ( 408  406  387) |     34           (    1     0    46) |  1 |      279.49         361.62        0.256752
     tip    2  408   (  -1   -1  390) |      1[seq00002] (   -1    -1    34) |  1 |        0.00         279.49        0.198441
     tip    1  406   (  -1   -1  390) |      0[seq00001] (   -1    -1    34) |  1 |        0.00         279.49        0.198441
internal   15  388   ( 415  410  385) |     45           (    5    39    47) |  3 |      517.84         240.66        0.170871
     tip    6  415   (  -1   -1  388) |      5[seq00006] (   -1    -1    45) |  3 |        0.00         517.84        0.367664
internal   14  410   ( 416  421  388) |     39           (    3     2    45) |  2 |      310.51         207.32        0.147199
     tip    4  416   (  -1   -1  410) |      3[seq00004] (   -1    -1    39) |  2 |        0.00         310.51        0.220464
     tip    3  421   (  -1   -1  410) |      2[seq00003] (   -1    -1    39) |  2 |        0.00         310.51        0.220464
outgroup    9  434   (  -1   -1  385) |     59[outgroup] (   -1    -1    47) |  0 |        0.00         140.85        0.100000


Dataset_2 Fragment_1 [1-1]
-------------------- Nodes -------------------------
  class  label index (left right anc) | NetNode[info]       (left right anc) | deme |        time    time length   branch lenght
----------------------------------------------------------------------------------------------------------------------
    root   16    1   (  22   29   -1) |     59[root]     (   14    25    -1) |  3 |     4294.82           0.00        0.000000
internal   10   22   (  25   24    1) |     14           (    2     7    59) |  4 |      251.15        4043.67        2.871004
     tip    3   25   (  -1   -1   22) |      2[seq00003] (   -1    -1    14) |  2 |        0.00         251.15        0.178320
     tip    8   24   (  -1   -1   22) |      7[seq00008] (   -1    -1    14) |  4 |        0.00         251.15        0.178320
internal   15   29   (  33   39    1) |     25           (   15    18    59) |  1 |      784.94        3509.88        2.492018
internal   11   33   (  36   37   29) |     15           (    4     6    25) |  3 |      271.46         513.48        0.364571
     tip    5   36   (  -1   -1   33) |      4[seq00005] (   -1    -1    15) |  3 |        0.00         271.46        0.192734
     tip    7   37   (  -1   -1   33) |      6[seq00007] (   -1    -1    15) |  3 |        0.00         271.46        0.192734
internal   14   39   (  40   41   29) |     18           (    0    16    25) |  2 |      320.93         464.00        0.329442
     tip    1   40   (  -1   -1   39) |      0[seq00001] (   -1    -1    18) |  1 |        0.00         320.93        0.227863
internal   13   41   (  42   43   39) |     16           (   12     1    18) |  2 |      276.61          44.32        0.031468
internal   12   42   (  44   45   41) |     12           (    3     5    16) |  2 |      240.63          35.98        0.025549
     tip    4   44   (  -1   -1   42) |      3[seq00004] (   -1    -1    12) |  2 |        0.00         240.63        0.170846
     tip    6   45   (  -1   -1   42) |      5[seq00006] (   -1    -1    12) |  3 |        0.00         240.63        0.170846
     tip    2   43   (  -1   -1   41) |      1[seq00002] (   -1    -1    16) |  1 |        0.00         276.61        0.196395
outgroup    9  691   (  -1   -1    1) |     60[outgroup] (   -1    -1    59) |  0 |        0.00         140.85        0.100000


Dataset_2 Fragment_2 [2-2]
-------------------- Nodes -------------------------
  class  label index (left right anc) | NetNode[info]       (left right anc) | deme |        time    time length   branch lenght
----------------------------------------------------------------------------------------------------------------------
    root   16   46   (  68   75   -1) |     59[root]     (   14    25    -1) |  3 |     4294.82           0.00        0.000000
internal   10   68   (  71   70   46) |     14           (    2     7    59) |  4 |      251.15        4043.67        2.871004
     tip    3   71   (  -1   -1   68) |      2[seq00003] (   -1    -1    14) |  2 |        0.00         251.15        0.178320
     tip    8   70   (  -1   -1   68) |      7[seq00008] (   -1    -1    14) |  4 |        0.00         251.15        0.178320
internal   15   75   (  79   85   46) |     25           (   15    18    59) |  1 |      784.94        3509.88        2.492018
internal   11   79   (  82   83   75) |     15           (    4     6    25) |  3 |      271.46         513.48        0.364571
     tip    5   82   (  -1   -1   79) |      4[seq00005] (   -1    -1    15) |  3 |        0.00         271.46        0.192734
     tip    7   83   (  -1   -1   79) |      6[seq00007] (   -1    -1    15) |  3 |        0.00         271.46        0.192734
internal   14   85   (  86   87   75) |     18           (    0    16    25) |  2 |      320.93         464.00        0.329442
     tip    1   86   (  -1   -1   85) |      0[seq00001] (   -1    -1    18) |  1 |        0.00         320.93        0.227863
internal   13   87   (  88   89   85) |     16           (   12     1    18) |  2 |      276.61          44.32        0.031468
internal   12   88   (  90   91   87) |     12           (    3     5    16) |  2 |      240.63          35.98        0.025549
     tip    4   90   (  -1   -1   88) |      3[seq00004] (   -1    -1    12) |  2 |        0.00         240.63        0.170846
     tip    6   91   (  -1   -1   88) |      5[seq00006] (   -1    -1    12) |  3 |        0.00         240.63        0.170846
     tip    2   89   (  -1   -1   87) |      1[seq00002] (   -1    -1    16) |  1 |        0.00         276.61        0.196395
outgroup    9  692   (  -1   -1   46) |     61[outgroup] (   -1    -1    59) |  0 |        0.00         140.85        0.100000


Dataset_2 Fragment_3 [3-6]
-------------------- Nodes -------------------------
  class  label index (left right anc) | NetNode[info]       (left right anc) | deme |        time    time length   branch lenght
----------------------------------------------------------------------------------------------------------------------
    root   16   92   ( 114  121   -1) |     59[root]     (   14    25    -1) |  3 |     4294.82           0.00        0.000000
internal   10  114   ( 117  116   92) |     14           (    2     7    59) |  4 |      251.15        4043.67        2.871004
     tip    3  117   (  -1   -1  114) |      2[seq00003] (   -1    -1    14) |  2 |        0.00         251.15        0.178320
     tip    8  116   (  -1   -1  114) |      7[seq00008] (   -1    -1    14) |  4 |        0.00         251.15        0.178320
internal   15  121   ( 125  131   92) |     25           (   15    18    59) |  1 |      784.94        3509.88        2.492018
internal   11  125   ( 128  129  121) |     15           (    4     6    25) |  3 |      271.46         513.48        0.364571
     tip    5  128   (  -1   -1  125) |      4[seq00005] (   -1    -1    15) |  3 |        0.00         271.46        0.192734
     tip    7  129   (  -1   -1  125) |      6[seq00007] (   -1    -1    15) |  3 |        0.00         271.46        0.192734
internal   14  131   ( 132  133  121) |     18           (    0    16    25) |  2 |      320.93         464.00        0.329442
     tip    1  132   (  -1   -1  131) |      0[seq00001] (   -1    -1    18) |  1 |        0.00         320.93        0.227863
internal   13  133   ( 134  135  131) |     16           (   12     1    18) |  2 |      276.61          44.32        0.031468
internal   12  134   ( 136  137  133) |     12           (    3     5    16) |  2 |      240.63          35.98        0.025549
     tip    4  136   (  -1   -1  134) |      3[seq00004] (   -1    -1    12) |  2 |        0.00         240.63        0.170846
     tip    6  137   (  -1   -1  134) |      5[seq00006] (   -1    -1    12) |  3 |        0.00         240.63        0.170846
     tip    2  135   (  -1   -1  133) |      1[seq00002] (   -1    -1    16) |  1 |        0.00         276.61        0.196395
outgroup    9  693   (  -1   -1   92) |     62[outgroup] (   -1    -1    59) |  0 |        0.00         140.85        0.100000


Dataset_2 Fragment_4 [7-27]
-------------------- Nodes -------------------------
  class  label index (left right anc) | NetNode[info]       (left right anc) | deme |        time    time length   branch lenght
----------------------------------------------------------------------------------------------------------------------
    root   16  138   ( 160  167   -1) |     59[root]     (   14    25    -1) |  3 |     4294.82           0.00        0.000000
internal   10  160   ( 163  162  138) |     14           (    2     7    59) |  4 |      251.15        4043.67        2.871004
     tip    3  163   (  -1   -1  160) |      2[seq00003] (   -1    -1    14) |  2 |        0.00         251.15        0.178320
     tip    8  162   (  -1   -1  160) |      7[seq00008] (   -1    -1    14) |  4 |        0.00         251.15        0.178320
internal   15  167   ( 171  177  138) |     25           (   15    18    59) |  1 |      784.94        3509.88        2.492018
internal   11  171   ( 174  175  167) |     15           (    4     6    25) |  3 |      271.46         513.48        0.364571
     tip    5  174   (  -1   -1  171) |      4[seq00005] (   -1    -1    15) |  3 |        0.00         271.46        0.192734
     tip    7  175   (  -1   -1  171) |      6[seq00007] (   -1    -1    15) |  3 |        0.00         271.46        0.192734
internal   14  177   ( 178  179  167) |     18           (    0    16    25) |  2 |      320.93         464.00        0.329442
     tip    1  178   (  -1   -1  177) |      0[seq00001] (   -1    -1    18) |  1 |        0.00         320.93        0.227863
internal   13  179   ( 180  181  177) |     16           (   12     1    18) |  2 |      276.61          44.32        0.031468
internal   12  180   ( 182  183  179) |     12           (    3     5    16) |  2 |      240.63          35.98        0.025549
     tip    4  182   (  -1   -1  180) |      3[seq00004] (   -1    -1    12) |  2 |        0.00         240.63        0.170846
     tip    6  183   (  -1   -1  180) |      5[seq00006] (   -1    -1    12) |  3 |        0.00         240.63        0.170846
     tip    2  181   (  -1   -1  179) |      1[seq00002] (   -1    -1    16) |  1 |        0.00         276.61        0.196395
outgroup    9  694   (  -1   -1  138) |     63[outgroup] (   -1    -1    59) |  0 |        0.00         140.85        0.100000


Dataset_2 Fragment_5 [28-30]
-------------------- Nodes -------------------------
  class  label index (left right anc) | NetNode[info]       (left right anc) | deme |        time    time length   branch lenght
----------------------------------------------------------------------------------------------------------------------
    root   16  184   ( 206  213   -1) |     59[root]     (   14    25    -1) |  3 |     4294.82           0.00        0.000000
internal   10  206   ( 209  208  184) |     14           (    2     7    59) |  4 |      251.15        4043.67        2.871004
     tip    3  209   (  -1   -1  206) |      2[seq00003] (   -1    -1    14) |  2 |        0.00         251.15        0.178320
     tip    8  208   (  -1   -1  206) |      7[seq00008] (   -1    -1    14) |  4 |        0.00         251.15        0.178320
internal   15  213   ( 217  223  184) |     25           (   15    18    59) |  1 |      784.94        3509.88        2.492018
internal   11  217   ( 220  221  213) |     15           (    4     6    25) |  3 |      271.46         513.48        0.364571
     tip    5  220   (  -1   -1  217) |      4[seq00005] (   -1    -1    15) |  3 |        0.00         271.46        0.192734
     tip    7  221   (  -1   -1  217) |      6[seq00007] (   -1    -1    15) |  3 |        0.00         271.46        0.192734
internal   14  223   ( 224  225  213) |     18           (    0    16    25) |  2 |      320.93         464.00        0.329442
     tip    1  224   (  -1   -1  223) |      0[seq00001] (   -1    -1    18) |  1 |        0.00         320.93        0.227863
internal   13  225   ( 226  227  223) |     16           (   12     1    18) |  2 |      276.61          44.32        0.031468
internal   12  226   ( 228  229  225) |     12           (    3     5    16) |  2 |      240.63          35.98        0.025549
     tip    4  228   (  -1   -1  226) |      3[seq00004] (   -1    -1    12) |  2 |        0.00         240.63        0.170846
     tip    6  229   (  -1   -1  226) |      5[seq00006] (   -1    -1    12) |  3 |        0.00         240.63        0.170846
     tip    2  227   (  -1   -1  225) |      1[seq00002] (   -1    -1    16) |  1 |        0.00         276.61        0.196395
outgroup    9  695   (  -1   -1  184) |     64[outgroup] (   -1    -1    59) |  0 |        0.00         140.85        0.100000


Dataset_2 Fragment_6 [31-51]
-------------------- Nodes -------------------------
  class  label index (left right anc) | NetNode[info]       (left right anc) | deme |        time    time length   branch lenght
----------------------------------------------------------------------------------------------------------------------
    root   16  230   ( 252  259   -1) |     59[root]     (   14    25    -1) |  3 |     4294.82           0.00        0.000000
internal   10  252   ( 255  254  230) |     14           (    2     7    59) |  4 |      251.15        4043.67        2.871004
     tip    3  255   (  -1   -1  252) |      2[seq00003] (   -1    -1    14) |  2 |        0.00         251.15        0.178320
     tip    8  254   (  -1   -1  252) |      7[seq00008] (   -1    -1    14) |  4 |        0.00         251.15        0.178320
internal   15  259   ( 263  269  230) |     25           (   15    18    59) |  1 |      784.94        3509.88        2.492018
internal   11  263   ( 266  267  259) |     15           (    4     6    25) |  3 |      271.46         513.48        0.364571
     tip    5  266   (  -1   -1  263) |      4[seq00005] (   -1    -1    15) |  3 |        0.00         271.46        0.192734
     tip    7  267   (  -1   -1  263) |      6[seq00007] (   -1    -1    15) |  3 |        0.00         271.46        0.192734
internal   14  269   ( 270  271  259) |     18           (    0    16    25) |  2 |      320.93         464.00        0.329442
     tip    1  270   (  -1   -1  269) |      0[seq00001] (   -1    -1    18) |  1 |        0.00         320.93        0.227863
internal   13  271   ( 272  273  269) |     16           (   12     1    18) |  2 |      276.61          44.32        0.031468
internal   12  272   ( 274  275  271) |     12           (    3     5    16) |  2 |      240.63          35.98        0.025549
     tip    4  274   (  -1   -1  272) |      3[seq00004] (   -1    -1    12) |  2 |        0.00         240.63        0.170846
     tip    6  275   (  -1   -1  272) |      5[seq00006] (   -1    -1    12) |  3 |        0.00         240.63        0.170846
     tip    2  273   (  -1   -1  271) |      1[seq00002] (   -1    -1    16) |  1 |        0.00         276.61        0.196395
outgroup    9  696   (  -1   -1  230) |     65[outgroup] (   -1    -1    59) |  0 |        0.00         140.85        0.100000


Dataset_2 Fragment_7 [52-60]
-------------------- Nodes -------------------------
  class  label index (left right anc) | NetNode[info]       (left right anc) | deme |        time    time length   branch lenght
----------------------------------------------------------------------------------------------------------------------
    root   16  276   ( 298  305   -1) |     59[root]     (   14    25    -1) |  3 |     4294.82           0.00        0.000000
internal   10  298   ( 301  300  276) |     14           (    2     7    59) |  4 |      251.15        4043.67        2.871004
     tip    3  301   (  -1   -1  298) |      2[seq00003] (   -1    -1    14) |  2 |        0.00         251.15        0.178320
     tip    8  300   (  -1   -1  298) |      7[seq00008] (   -1    -1    14) |  4 |        0.00         251.15        0.178320
internal   15  305   ( 310  315  276) |     25           (   13    18    59) |  1 |      784.94        3509.88        2.492018
internal   11  310   ( 311  313  305) |     13           (    4     6    25) |  3 |      247.01         537.92        0.381925
     tip    5  311   (  -1   -1  310) |      4[seq00005] (   -1    -1    13) |  3 |        0.00         247.01        0.175380
     tip    7  313   (  -1   -1  310) |      6[seq00007] (   -1    -1    13) |  3 |        0.00         247.01        0.175380
internal   14  315   ( 316  317  305) |     18           (    0    16    25) |  2 |      320.93         464.00        0.329442
     tip    1  316   (  -1   -1  315) |      0[seq00001] (   -1    -1    18) |  1 |        0.00         320.93        0.227863
internal   13  317   ( 318  319  315) |     16           (   12     1    18) |  2 |      276.61          44.32        0.031468
internal   12  318   ( 320  321  317) |     12           (    3     5    16) |  2 |      240.63          35.98        0.025549
     tip    4  320   (  -1   -1  318) |      3[seq00004] (   -1    -1    12) |  2 |        0.00         240.63        0.170846
     tip    6  321   (  -1   -1  318) |      5[seq00006] (   -1    -1    12) |  3 |        0.00         240.63        0.170846
     tip    2  319   (  -1   -1  317) |      1[seq00002] (   -1    -1    16) |  1 |        0.00         276.61        0.196395
outgroup    9  697   (  -1   -1  276) |     66[outgroup] (   -1    -1    59) |  0 |        0.00         140.85        0.100000


Dataset_2 Fragment_8 [61-65]
-------------------- Nodes -------------------------
  class  label index (left right anc) | NetNode[info]       (left right anc) | deme |        time    time length   branch lenght
----------------------------------------------------------------------------------------------------------------------
    root   16  322   ( 344  351   -1) |     59[root]     (   14    25    -1) |  3 |     4294.82           0.00        0.000000
internal   10  344   ( 347  346  322) |     14           (    2     7    59) |  4 |      251.15        4043.67        2.871004
     tip    3  347   (  -1   -1  344) |      2[seq00003] (   -1    -1    14) |  2 |        0.00         251.15        0.178320
     tip    8  346   (  -1   -1  344) |      7[seq00008] (   -1    -1    14) |  4 |        0.00         251.15        0.178320
internal   15  351   ( 356  361  322) |     25           (   13    18    59) |  1 |      784.94        3509.88        2.492018
internal   11  356   ( 357  359  351) |     13           (    4     6    25) |  3 |      247.01         537.92        0.381925
     tip    5  357   (  -1   -1  356) |      4[seq00005] (   -1    -1    13) |  3 |        0.00         247.01        0.175380
     tip    7  359   (  -1   -1  356) |      6[seq00007] (   -1    -1    13) |  3 |        0.00         247.01        0.175380
internal   14  361   ( 362  363  351) |     18           (    0    16    25) |  2 |      320.93         464.00        0.329442
     tip    1  362   (  -1   -1  361) |      0[seq00001] (   -1    -1    18) |  1 |        0.00         320.93        0.227863
internal   13  363   ( 364  365  361) |     16           (   12     1    18) |  2 |      276.61          44.32        0.031468
internal   12  364   ( 366  367  363) |     12           (    3     5    16) |  2 |      240.63          35.98        0.025549
     tip    4  366   (  -1   -1  364) |      3[seq00004] (   -1    -1    12) |  2 |        0.00         240.63        0.170846
     tip    6  367   (  -1   -1  364) |      5[seq00006] (   -1    -1    12) |  3 |        0.00         240.63        0.170846
     tip    2  365   (  -1   -1  363) |      1[seq00002] (   -1    -1    16) |  1 |        0.00         276.61        0.196395
outgroup    9  698   (  -1   -1  322) |     67[outgroup] (   -1    -1    59) |  0 |        0.00         140.85        0.100000


Dataset_2 Fragment_9 [66-73]
-------------------- Nodes -------------------------
  class  label index (left right anc) | NetNode[info]       (left right anc) | deme |        time    time length   branch lenght
----------------------------------------------------------------------------------------------------------------------
    root   16  368   ( 390  397   -1) |     59[root]     (   14    25    -1) |  3 |     4294.82           0.00        0.000000
internal   10  390   ( 393  392  368) |     14           (    2     7    59) |  4 |      251.15        4043.67        2.871004
     tip    3  393   (  -1   -1  390) |      2[seq00003] (   -1    -1    14) |  2 |        0.00         251.15        0.178320
     tip    8  392   (  -1   -1  390) |      7[seq00008] (   -1    -1    14) |  4 |        0.00         251.15        0.178320
internal   15  397   ( 402  407  368) |     25           (   13    18    59) |  1 |      784.94        3509.88        2.492018
internal   11  402   ( 403  405  397) |     13           (    4     6    25) |  3 |      247.01         537.92        0.381925
     tip    5  403   (  -1   -1  402) |      4[seq00005] (   -1    -1    13) |  3 |        0.00         247.01        0.175380
     tip    7  405   (  -1   -1  402) |      6[seq00007] (   -1    -1    13) |  3 |        0.00         247.01        0.175380
internal   14  407   ( 408  409  397) |     18           (    0    16    25) |  2 |      320.93         464.00        0.329442
     tip    1  408   (  -1   -1  407) |      0[seq00001] (   -1    -1    18) |  1 |        0.00         320.93        0.227863
internal   13  409   ( 410  411  407) |     16           (   12     1    18) |  2 |      276.61          44.32        0.031468
internal   12  410   ( 412  413  409) |     12           (    3     5    16) |  2 |      240.63          35.98        0.025549
     tip    4  412   (  -1   -1  410) |      3[seq00004] (   -1    -1    12) |  2 |        0.00         240.63        0.170846
     tip    6  413   (  -1   -1  410) |      5[seq00006] (   -1    -1    12) |  3 |        0.00         240.63        0.170846
     tip    2  411   (  -1   -1  409) |      1[seq00002] (   -1    -1    16) |  1 |        0.00         276.61        0.196395
outgroup    9  699   (  -1   -1  368) |     68[outgroup] (   -1    -1    59) |  0 |        0.00         140.85        0.100000


Dataset_2 Fragment_10 [74-80]
-------------------- Nodes -------------------------
  class  label index (left right anc) | NetNode[info]       (left right anc) | deme |        time    time length   branch lenght
----------------------------------------------------------------------------------------------------------------------
    root   16  414   ( 435  443   -1) |     59[root]     (   17    25    -1) |  3 |     4294.82           0.00        0.000000
internal   10  435   ( 438  439  414) |     17           (    2     7    59) |  4 |      294.36        4000.46        2.840328
     tip    3  438   (  -1   -1  435) |      2[seq00003] (   -1    -1    17) |  2 |        0.00         294.36        0.208995
     tip    8  439   (  -1   -1  435) |      7[seq00008] (   -1    -1    17) |  4 |        0.00         294.36        0.208995
internal   15  443   ( 448  453  414) |     25           (   13    18    59) |  1 |      784.94        3509.88        2.492018
internal   11  448   ( 449  451  443) |     13           (    4     6    25) |  3 |      247.01         537.92        0.381925
     tip    5  449   (  -1   -1  448) |      4[seq00005] (   -1    -1    13) |  3 |        0.00         247.01        0.175380
     tip    7  451   (  -1   -1  448) |      6[seq00007] (   -1    -1    13) |  3 |        0.00         247.01        0.175380
internal   14  453   ( 454  455  443) |     18           (    0    16    25) |  2 |      320.93         464.00        0.329442
     tip    1  454   (  -1   -1  453) |      0[seq00001] (   -1    -1    18) |  1 |        0.00         320.93        0.227863
internal   13  455   ( 456  457  453) |     16           (   12     1    18) |  2 |      276.61          44.32        0.031468
internal   12  456   ( 458  459  455) |     12           (    3     5    16) |  2 |      240.63          35.98        0.025549
     tip    4  458   (  -1   -1  456) |      3[seq00004] (   -1    -1    12) |  2 |        0.00         240.63        0.170846
     tip    6  459   (  -1   -1  456) |      5[seq00006] (   -1    -1    12) |  3 |        0.00         240.63        0.170846
     tip    2  457   (  -1   -1  455) |      1[seq00002] (   -1    -1    16) |  1 |        0.00         276.61        0.196395
outgroup    9  700   (  -1   -1  414) |     69[outgroup] (   -1    -1    59) |  0 |        0.00         140.85        0.100000


Dataset_2 Fragment_11 [81-96]
-------------------- Nodes -------------------------
  class  label index (left right anc) | NetNode[info]       (left right anc) | deme |        time    time length   branch lenght
----------------------------------------------------------------------------------------------------------------------
    root   16  460   ( 481  489   -1) |     59[root]     (   17    25    -1) |  3 |     4294.82           0.00        0.000000
internal   10  481   ( 484  485  460) |     17           (    2     7    59) |  4 |      294.36        4000.46        2.840328
     tip    3  484   (  -1   -1  481) |      2[seq00003] (   -1    -1    17) |  2 |        0.00         294.36        0.208995
     tip    8  485   (  -1   -1  481) |      7[seq00008] (   -1    -1    17) |  4 |        0.00         294.36        0.208995
internal   15  489   ( 494  499  460) |     25           (   13    18    59) |  1 |      784.94        3509.88        2.492018
internal   11  494   ( 495  497  489) |     13           (    4     6    25) |  3 |      247.01         537.92        0.381925
     tip    5  495   (  -1   -1  494) |      4[seq00005] (   -1    -1    13) |  3 |        0.00         247.01        0.175380
     tip    7  497   (  -1   -1  494) |      6[seq00007] (   -1    -1    13) |  3 |        0.00         247.01        0.175380
internal   14  499   ( 500  501  489) |     18           (    0    16    25) |  2 |      320.93         464.00        0.329442
     tip    1  500   (  -1   -1  499) |      0[seq00001] (   -1    -1    18) |  1 |        0.00         320.93        0.227863
internal   13  501   ( 502  503  499) |     16           (   12     1    18) |  2 |      276.61          44.32        0.031468
internal   12  502   ( 504  505  501) |     12           (    3     5    16) |  2 |      240.63          35.98        0.025549
     tip    4  504   (  -1   -1  502) |      3[seq00004] (   -1    -1    12) |  2 |        0.00         240.63        0.170846
     tip    6  505   (  -1   -1  502) |      5[seq00006] (   -1    -1    12) |  3 |        0.00         240.63        0.170846
     tip    2  503   (  -1   -1  501) |      1[seq00002] (   -1    -1    16) |  1 |        0.00         276.61        0.196395
outgroup    9  701   (  -1   -1  460) |     70[outgroup] (   -1    -1    59) |  0 |        0.00         140.85        0.100000


Dataset_2 Fragment_12 [97-130]
-------------------- Nodes -------------------------
  class  label index (left right anc) | NetNode[info]       (left right anc) | deme |        time    time length   branch lenght
----------------------------------------------------------------------------------------------------------------------
    root   16  506   ( 527  535   -1) |     59[root]     (   17    25    -1) |  3 |     4294.82           0.00        0.000000
internal   10  527   ( 530  531  506) |     17           (    2     7    59) |  4 |      294.36        4000.46        2.840328
     tip    3  530   (  -1   -1  527) |      2[seq00003] (   -1    -1    17) |  2 |        0.00         294.36        0.208995
     tip    8  531   (  -1   -1  527) |      7[seq00008] (   -1    -1    17) |  4 |        0.00         294.36        0.208995
internal   15  535   ( 540  545  506) |     25           (   13    18    59) |  1 |      784.94        3509.88        2.492018
internal   11  540   ( 541  543  535) |     13           (    4     6    25) |  3 |      247.01         537.92        0.381925
     tip    5  541   (  -1   -1  540) |      4[seq00005] (   -1    -1    13) |  3 |        0.00         247.01        0.175380
     tip    7  543   (  -1   -1  540) |      6[seq00007] (   -1    -1    13) |  3 |        0.00         247.01        0.175380
internal   14  545   ( 546  547  535) |     18           (    0    16    25) |  2 |      320.93         464.00        0.329442
     tip    1  546   (  -1   -1  545) |      0[seq00001] (   -1    -1    18) |  1 |        0.00         320.93        0.227863
internal   13  547   ( 548  549  545) |     16           (   12     1    18) |  2 |      276.61          44.32        0.031468
internal   12  548   ( 550  551  547) |     12           (    3     5    16) |  2 |      240.63          35.98        0.025549
     tip    4  550   (  -1   -1  548) |      3[seq00004] (   -1    -1    12) |  2 |        0.00         240.63        0.170846
     tip    6  551   (  -1   -1  548) |      5[seq00006] (   -1    -1    12) |  3 |        0.00         240.63        0.170846
     tip    2  549   (  -1   -1  547) |      1[seq00002] (   -1    -1    16) |  1 |        0.00         276.61        0.196395
outgroup    9  702   (  -1   -1  506) |     71[outgroup] (   -1    -1    59) |  0 |        0.00         140.85        0.100000


Dataset_2 Fragment_13 [131-139]
-------------------- Nodes -------------------------
  class  label index (left right anc) | NetNode[info]       (left right anc) | deme |        time    time length   branch lenght
----------------------------------------------------------------------------------------------------------------------
    root   16  552   ( 573  581   -1) |     59[root]     (   17    25    -1) |  3 |     4294.82           0.00        0.000000
internal   10  573   ( 576  577  552) |     17           (    2     7    59) |  4 |      294.36        4000.46        2.840328
     tip    3  576   (  -1   -1  573) |      2[seq00003] (   -1    -1    17) |  2 |        0.00         294.36        0.208995
     tip    8  577   (  -1   -1  573) |      7[seq00008] (   -1    -1    17) |  4 |        0.00         294.36        0.208995
internal   15  581   ( 586  591  552) |     25           (   13    18    59) |  1 |      784.94        3509.88        2.492018
internal   11  586   ( 587  589  581) |     13           (    4     6    25) |  3 |      247.01         537.92        0.381925
     tip    5  587   (  -1   -1  586) |      4[seq00005] (   -1    -1    13) |  3 |        0.00         247.01        0.175380
     tip    7  589   (  -1   -1  586) |      6[seq00007] (   -1    -1    13) |  3 |        0.00         247.01        0.175380
internal   14  591   ( 592  593  581) |     18           (    0    16    25) |  2 |      320.93         464.00        0.329442
     tip    1  592   (  -1   -1  591) |      0[seq00001] (   -1    -1    18) |  1 |        0.00         320.93        0.227863
internal   13  593   ( 594  595  591) |     16           (   12     1    18) |  2 |      276.61          44.32        0.031468
internal   12  594   ( 596  597  593) |     12           (    3     5    16) |  2 |      240.63          35.98        0.025549
     tip    4  596   (  -1   -1  594) |      3[seq00004] (   -1    -1    12) |  2 |        0.00         240.63        0.170846
     tip    6  597   (  -1   -1  594) |      5[seq00006] (   -1    -1    12) |  3 |        0.00         240.63        0.170846
     tip    2  595   (  -1   -1  593) |      1[seq00002] (   -1    -1    16) |  1 |        0.00         276.61        0.196395
outgroup    9  703   (  -1   -1  552) |     72[outgroup] (   -1    -1    59) |  0 |        0.00         140.85        0.100000


Dataset_2 Fragment_14 [140-149]
-------------------- Nodes -------------------------
  class  label index (left right anc) | NetNode[info]       (left right anc) | deme |        time    time length   branch lenght
----------------------------------------------------------------------------------------------------------------------
    root   16  598   ( 619  627   -1) |     59[root]     (   17    25    -1) |  3 |     4294.82           0.00        0.000000
internal   10  619   ( 622  623  598) |     17           (    2     7    59) |  4 |      294.36        4000.46        2.840328
     tip    3  622   (  -1   -1  619) |      2[seq00003] (   -1    -1    17) |  2 |        0.00         294.36        0.208995
     tip    8  623   (  -1   -1  619) |      7[seq00008] (   -1    -1    17) |  4 |        0.00         294.36        0.208995
internal   15  627   ( 632  637  598) |     25           (   13    18    59) |  1 |      784.94        3509.88        2.492018
internal   11  632   ( 633  635  627) |     13           (    4     6    25) |  3 |      247.01         537.92        0.381925
     tip    5  633   (  -1   -1  632) |      4[seq00005] (   -1    -1    13) |  3 |        0.00         247.01        0.175380
     tip    7  635   (  -1   -1  632) |      6[seq00007] (   -1    -1    13) |  3 |        0.00         247.01        0.175380
internal   14  637   ( 638  639  627) |     18           (    0    16    25) |  2 |      320.93         464.00        0.329442
     tip    1  638   (  -1   -1  637) |      0[seq00001] (   -1    -1    18) |  1 |        0.00         320.93        0.227863
internal   13  639   ( 640  641  637) |     16           (   12     1    18) |  2 |      276.61          44.32        0.031468
internal   12  640   ( 642  643  639) |     12           (    3     5    16) |  2 |      240.63          35.98        0.025549
     tip    4  642   (  -1   -1  640) |      3[seq00004] (   -1    -1    12) |  2 |        0.00         240.63        0.170846
     tip    6  643   (  -1   -1  640) |      5[seq00006] (   -1    -1    12) |  3 |        0.00         240.63        0.170846
     tip    2  641   (  -1   -1  639) |      1[seq00002] (   -1    -1    16) |  1 |        0.00         276.61        0.196395
outgroup    9  704   (  -1   -1  598) |     73[outgroup] (   -1    -1    59) |  0 |        0.00         140.85        0.100000


Dataset_2 Fragment_15 [150-150]
-------------------- Nodes -------------------------
  class  label index (left right anc) | NetNode[info]       (left right anc) | deme |        time    time length   branch lenght
----------------------------------------------------------------------------------------------------------------------
    root   16  644   ( 665  673   -1) |     59[root]     (   17    25    -1) |  3 |     4294.82           0.00        0.000000
internal   10  665   ( 668  669  644) |     17           (    2     7    59) |  4 |      294.36        4000.46        2.840328
     tip    3  668   (  -1   -1  665) |      2[seq00003] (   -1    -1    17) |  2 |        0.00         294.36        0.208995
     tip    8  669   (  -1   -1  665) |      7[seq00008] (   -1    -1    17) |  4 |        0.00         294.36        0.208995
internal   15  673   ( 678  683  644) |     25           (   13    18    59) |  1 |      784.94        3509.88        2.492018
internal   11  678   ( 679  681  673) |     13           (    4     6    25) |  3 |      247.01         537.92        0.381925
     tip    5  679   (  -1   -1  678) |      4[seq00005] (   -1    -1    13) |  3 |        0.00         247.01        0.175380
     tip    7  681   (  -1   -1  678) |      6[seq00007] (   -1    -1    13) |  3 |        0.00         247.01        0.175380
internal   14  683   ( 684  685  673) |     18           (    0    16    25) |  2 |      320.93         464.00        0.329442
     tip    1  684   (  -1   -1  683) |      0[seq00001] (   -1    -1    18) |  1 |        0.00         320.93        0.227863
internal   13  685   ( 686  687  683) |     16           (   12     1    18) |  2 |      276.61          44.32        0.031468
internal   12  686   ( 688  689  685) |     12           (    3     5    16) |  2 |      240.63          35.98        0.025549
     tip    4  688   (  -1   -1  686) |      3[seq00004] (   -1    -1    12) |  2 |        0.00         240.63        0.170846
     tip    6  689   (  -1   -1  686) |      5[seq00006] (   -1    -1    12) |  3 |        0.00         240.63        0.170846
     tip    2  687   (  -1   -1  685) |      1[seq00002] (   -1    -1    16) |  1 |        0.00         276.61        0.196395
outgroup    9  705   (  -1   -1  644) |     74[outgroup] (   -1    -1    59) |  0 |        0.00         140.85        0.100000
