

Dataset_1 Fragment_1 [1-35]
----------------- Nodes -------------------
  class  label index (left right anc) | NetNode[info]       (left right anc) |        time    time length   branch lenght
---------------------------------------------------------------------------------------------------------------
    root    16     3 (   4   13   -1) |     24[root]     (   20    21    -1) |     2416.30           0.00        0.000000
internal    11     4 (   8   12    3) |     20           (   11     0    24) |     1308.51        1107.79        1.008092
internal    10     8 (  11   10    4) |     11           (    3     1    20) |       90.93        1217.58        1.108001
     tip     4    11 (  -1   -1    8) |      3[seq00004] (   -1    -1    11) |        0.00          90.93        0.082743
     tip     2    10 (  -1   -1    8) |      1[seq00002] (   -1    -1    11) |        0.00          90.93        0.082743
     tip     1    12 (  -1   -1    4) |      0[seq00001] (   -1    -1    20) |        0.00        1308.51        1.190744
internal    15    13 (  16   17    3) |     21           (    7    13    24) |     1793.06         623.24        0.567152
     tip     8    16 (  -1   -1   13) |      7[seq00008] (   -1    -1    21) |        0.00        1793.06        1.631684
internal    14    17 (  18   19   13) |     13           (   10    12    21) |      286.33        1506.73        1.371123
internal    12    18 (  20   21   17) |     10           (    5     4    13) |       62.32         224.01        0.203850
     tip     6    20 (  -1   -1   18) |      5[seq00006] (   -1    -1    10) |        0.00          62.32        0.056711
     tip     5    21 (  -1   -1   18) |      4[seq00005] (   -1    -1    10) |        0.00          62.32        0.056711
internal    13    19 (  22   23   17) |     12           (    6     2    13) |      232.17          54.16        0.049290
     tip     7    22 (  -1   -1   19) |      6[seq00007] (   -1    -1    12) |        0.00         232.17        0.211271
     tip     3    23 (  -1   -1   19) |      2[seq00003] (   -1    -1    12) |        0.00         232.17        0.211271
outgroup     9   151 (  -1   -1    3) |     30[outgroup] (   -1    -1    24) |        0.00         109.89        0.100000


Dataset_1 Fragment_2 [36-60]
----------------- Nodes -------------------
  class  label index (left right anc) | NetNode[info]       (left right anc) |        time    time length   branch lenght
---------------------------------------------------------------------------------------------------------------
    root    16    27 (  28   37   -1) |     24[root]     (   20    21    -1) |     2416.30           0.00        0.000000
internal    11    28 (  33   31   27) |     20           (    1    14    24) |     1308.51        1107.79        1.008092
     tip     2    33 (  -1   -1   28) |      1[seq00002] (   -1    -1    20) |        0.00        1308.51        1.190744
internal    10    31 (  36   35   28) |     14           (    3     0    20) |      462.38         846.13        0.769974
     tip     4    36 (  -1   -1   31) |      3[seq00004] (   -1    -1    14) |        0.00         462.38        0.420770
     tip     1    35 (  -1   -1   31) |      0[seq00001] (   -1    -1    14) |        0.00         462.38        0.420770
internal    15    37 (  40   41   27) |     21           (    7    13    24) |     1793.06         623.24        0.567152
     tip     8    40 (  -1   -1   37) |      7[seq00008] (   -1    -1    21) |        0.00        1793.06        1.631684
internal    14    41 (  42   43   37) |     13           (   10    12    21) |      286.33        1506.73        1.371123
internal    12    42 (  44   45   41) |     10           (    5     4    13) |       62.32         224.01        0.203850
     tip     6    44 (  -1   -1   42) |      5[seq00006] (   -1    -1    10) |        0.00          62.32        0.056711
     tip     5    45 (  -1   -1   42) |      4[seq00005] (   -1    -1    10) |        0.00          62.32        0.056711
internal    13    43 (  46   47   41) |     12           (    6     2    13) |      232.17          54.16        0.049290
     tip     7    46 (  -1   -1   43) |      6[seq00007] (   -1    -1    12) |        0.00         232.17        0.211271
     tip     3    47 (  -1   -1   43) |      2[seq00003] (   -1    -1    12) |        0.00         232.17        0.211271
outgroup     9   152 (  -1   -1   27) |     31[outgroup] (   -1    -1    24) |        0.00         109.89        0.100000


Dataset_1 Fragment_3 [61-62]
----------------- Nodes -------------------
  class  label index (left right anc) | NetNode[info]       (left right anc) |        time    time length   branch lenght
---------------------------------------------------------------------------------------------------------------
    root    16    48 (  52   73   -1) |     29[root]     (   24     7    -1) |     7357.54           0.00        0.000000
internal    15    52 (  53   64   48) |     24           (   20    13    29) |     2416.30        4941.24        4.496528
internal    11    53 (  58   56   52) |     20           (    1    14    24) |     1308.51        1107.79        1.008092
     tip     2    58 (  -1   -1   53) |      1[seq00002] (   -1    -1    20) |        0.00        1308.51        1.190744
internal    10    56 (  61   60   53) |     14           (    3     0    20) |      462.38         846.13        0.769974
     tip     4    61 (  -1   -1   56) |      3[seq00004] (   -1    -1    14) |        0.00         462.38        0.420770
     tip     1    60 (  -1   -1   56) |      0[seq00001] (   -1    -1    14) |        0.00         462.38        0.420770
internal    14    64 (  65   66   52) |     13           (   10    12    24) |      286.33        2129.97        1.938275
internal    12    65 (  67   68   64) |     10           (    5     4    13) |       62.32         224.01        0.203850
     tip     6    67 (  -1   -1   65) |      5[seq00006] (   -1    -1    10) |        0.00          62.32        0.056711
     tip     5    68 (  -1   -1   65) |      4[seq00005] (   -1    -1    10) |        0.00          62.32        0.056711
internal    13    66 (  69   70   64) |     12           (    6     2    13) |      232.17          54.16        0.049290
     tip     7    69 (  -1   -1   66) |      6[seq00007] (   -1    -1    12) |        0.00         232.17        0.211271
     tip     3    70 (  -1   -1   66) |      2[seq00003] (   -1    -1    12) |        0.00         232.17        0.211271
     tip     8    73 (  -1   -1   48) |      7[seq00008] (   -1    -1    29) |        0.00        7357.54        6.695364
outgroup     9   153 (  -1   -1   48) |     32[outgroup] (   -1    -1    29) |        0.00         109.89        0.100000


Dataset_1 Fragment_4 [63-64]
----------------- Nodes -------------------
  class  label index (left right anc) | NetNode[info]       (left right anc) |        time    time length   branch lenght
---------------------------------------------------------------------------------------------------------------
    root    16    74 (  79   77   -1) |     29[root]     (   20    28    -1) |     7357.54           0.00        0.000000
internal    11    79 (  83   81   74) |     20           (    1    14    29) |     1308.51        6049.03        5.504620
     tip     2    83 (  -1   -1   79) |      1[seq00002] (   -1    -1    20) |        0.00        1308.51        1.190744
internal    10    81 (  86   85   79) |     14           (    3     0    20) |      462.38         846.13        0.769974
     tip     4    86 (  -1   -1   81) |      3[seq00004] (   -1    -1    14) |        0.00         462.38        0.420770
     tip     1    85 (  -1   -1   81) |      0[seq00001] (   -1    -1    14) |        0.00         462.38        0.420770
internal    15    77 (  90   93   74) |     28           (    7    13    29) |     2588.92        4768.63        4.339450
     tip     8    90 (  -1   -1   77) |      7[seq00008] (   -1    -1    28) |        0.00        2588.92        2.355914
internal    14    93 (  94   95   77) |     13           (   10    12    28) |      286.33        2302.59        2.095353
internal    12    94 (  96   97   93) |     10           (    5     4    13) |       62.32         224.01        0.203850
     tip     6    96 (  -1   -1   94) |      5[seq00006] (   -1    -1    10) |        0.00          62.32        0.056711
     tip     5    97 (  -1   -1   94) |      4[seq00005] (   -1    -1    10) |        0.00          62.32        0.056711
internal    13    95 (  98   99   93) |     12           (    6     2    13) |      232.17          54.16        0.049290
     tip     7    98 (  -1   -1   95) |      6[seq00007] (   -1    -1    12) |        0.00         232.17        0.211271
     tip     3    99 (  -1   -1   95) |      2[seq00003] (   -1    -1    12) |        0.00         232.17        0.211271
outgroup     9   154 (  -1   -1   74) |     33[outgroup] (   -1    -1    29) |        0.00         109.89        0.100000


Dataset_1 Fragment_5 [65-83]
----------------- Nodes -------------------
  class  label index (left right anc) | NetNode[info]       (left right anc) |        time    time length   branch lenght
---------------------------------------------------------------------------------------------------------------
    root    16   102 ( 103  119   -1) |     28[root]     (   27    13    -1) |     2588.92           0.00        0.000000
internal    12   103 ( 107  109  102) |     27           (    7    20    28) |     2495.05          93.87        0.085422
     tip     8   107 (  -1   -1  103) |      7[seq00008] (   -1    -1    27) |        0.00        2495.05        2.270492
internal    11   109 ( 113  111  103) |     20           (    1    14    27) |     1308.51        1186.54        1.079748
     tip     2   113 (  -1   -1  109) |      1[seq00002] (   -1    -1    20) |        0.00        1308.51        1.190744
internal    10   111 ( 116  115  109) |     14           (    3     0    20) |      462.38         846.13        0.769974
     tip     4   116 (  -1   -1  111) |      3[seq00004] (   -1    -1    14) |        0.00         462.38        0.420770
     tip     1   115 (  -1   -1  111) |      0[seq00001] (   -1    -1    14) |        0.00         462.38        0.420770
internal    15   119 ( 120  121  102) |     13           (   10    12    28) |      286.33        2302.59        2.095353
internal    13   120 ( 122  123  119) |     10           (    5     4    13) |       62.32         224.01        0.203850
     tip     6   122 (  -1   -1  120) |      5[seq00006] (   -1    -1    10) |        0.00          62.32        0.056711
     tip     5   123 (  -1   -1  120) |      4[seq00005] (   -1    -1    10) |        0.00          62.32        0.056711
internal    14   121 ( 124  125  119) |     12           (    6     2    13) |      232.17          54.16        0.049290
     tip     7   124 (  -1   -1  121) |      6[seq00007] (   -1    -1    12) |        0.00         232.17        0.211271
     tip     3   125 (  -1   -1  121) |      2[seq00003] (   -1    -1    12) |        0.00         232.17        0.211271
outgroup     9   155 (  -1   -1  102) |     34[outgroup] (   -1    -1    28) |        0.00         109.89        0.100000


Dataset_1 Fragment_6 [84-150]
----------------- Nodes -------------------
  class  label index (left right anc) | NetNode[info]       (left right anc) |        time    time length   branch lenght
---------------------------------------------------------------------------------------------------------------
    root    16   129 ( 132  134   -1) |     27[root]     (    7    20    -1) |     2495.05           0.00        0.000000
     tip     8   132 (  -1   -1  129) |      7[seq00008] (   -1    -1    27) |        0.00        2495.05        2.270492
internal    15   134 ( 135  136  129) |     20           (   17    14    27) |     1308.51        1186.54        1.079748
internal    13   135 ( 139  146  134) |     17           (   13     1    20) |     1038.59         269.92        0.245629
internal    12   139 ( 140  141  135) |     13           (   10    12    17) |      286.33         752.26        0.684554
internal    10   140 ( 142  143  139) |     10           (    5     4    13) |       62.32         224.01        0.203850
     tip     6   142 (  -1   -1  140) |      5[seq00006] (   -1    -1    10) |        0.00          62.32        0.056711
     tip     5   143 (  -1   -1  140) |      4[seq00005] (   -1    -1    10) |        0.00          62.32        0.056711
internal    11   141 ( 144  145  139) |     12           (    6     2    13) |      232.17          54.16        0.049290
     tip     7   144 (  -1   -1  141) |      6[seq00007] (   -1    -1    12) |        0.00         232.17        0.211271
     tip     3   145 (  -1   -1  141) |      2[seq00003] (   -1    -1    12) |        0.00         232.17        0.211271
     tip     2   146 (  -1   -1  135) |      1[seq00002] (   -1    -1    17) |        0.00        1038.59        0.945115
internal    14   136 ( 149  148  134) |     14           (    3     0    20) |      462.38         846.13        0.769974
     tip     4   149 (  -1   -1  136) |      3[seq00004] (   -1    -1    14) |        0.00         462.38        0.420770
     tip     1   148 (  -1   -1  136) |      0[seq00001] (   -1    -1    14) |        0.00         462.38        0.420770
outgroup     9   156 (  -1   -1  129) |     35[outgroup] (   -1    -1    27) |        0.00         109.89        0.100000


Dataset_2 Fragment_1 [1-2]
----------------- Nodes -------------------
  class  label index (left right anc) | NetNode[info]       (left right anc) |        time    time length   branch lenght
---------------------------------------------------------------------------------------------------------------
    root    16     1 (  15   19   -1) |     59[root]     (   13    39    -1) |     3837.17           0.00        0.000000
internal    10    15 (  16   17    1) |     13           (    1     4    59) |      578.15        3259.03        2.965713
     tip     2    16 (  -1   -1   15) |      1[seq00002] (   -1    -1    13) |        0.00         578.15        0.526114
     tip     5    17 (  -1   -1   15) |      4[seq00005] (   -1    -1    13) |        0.00         578.15        0.526114
internal    15    19 (  24   25    1) |     39           (    5    32    59) |     1910.70        1926.48        1.753093
     tip     6    24 (  -1   -1   19) |      5[seq00006] (   -1    -1    39) |        0.00        1910.70        1.738734
internal    14    25 (  28   33   19) |     32           (   14    12    39) |     1514.74         395.95        0.360317
internal    12    28 (  29   30   25) |     14           (    7     8    32) |      736.66         778.08        0.708057
     tip     8    29 (  -1   -1   28) |      7[seq00008] (   -1    -1    14) |        0.00         736.66        0.670360
internal    11    30 (  31   32   28) |      8           (    6     3    14) |        2.37         734.29        0.668203
     tip     7    31 (  -1   -1   30) |      6[seq00007] (   -1    -1     8) |        0.00           2.37        0.002157
     tip     4    32 (  -1   -1   30) |      3[seq00004] (   -1    -1     8) |        0.00           2.37        0.002157
internal    13    33 (  36   37   25) |     12           (    0     2    32) |      239.53        1275.21        1.160444
     tip     1    36 (  -1   -1   33) |      0[seq00001] (   -1    -1    12) |        0.00         239.53        0.217973
     tip     3    37 (  -1   -1   33) |      2[seq00003] (   -1    -1    12) |        0.00         239.53        0.217973
outgroup     9   656 (  -1   -1    1) |     60[outgroup] (   -1    -1    59) |        0.00         109.89        0.100000


Dataset_2 Fragment_2 [3-18]
----------------- Nodes -------------------
  class  label index (left right anc) | NetNode[info]       (left right anc) |        time    time length   branch lenght
---------------------------------------------------------------------------------------------------------------
    root    16    45 (  49   73   -1) |     51[root]     (   39    13    -1) |     3175.22           0.00        0.000000
internal    14    49 (  54   55   45) |     39           (    5    32    51) |     1910.70        1264.53        1.150720
     tip     6    54 (  -1   -1   49) |      5[seq00006] (   -1    -1    39) |        0.00        1910.70        1.738734
internal    13    55 (  58   63   49) |     32           (   14    12    39) |     1514.74         395.95        0.360317
internal    11    58 (  59   60   55) |     14           (    7     8    32) |      736.66         778.08        0.708057
     tip     8    59 (  -1   -1   58) |      7[seq00008] (   -1    -1    14) |        0.00         736.66        0.670360
internal    10    60 (  61   62   58) |      8           (    6     3    14) |        2.37         734.29        0.668203
     tip     7    61 (  -1   -1   60) |      6[seq00007] (   -1    -1     8) |        0.00           2.37        0.002157
     tip     4    62 (  -1   -1   60) |      3[seq00004] (   -1    -1     8) |        0.00           2.37        0.002157
internal    12    63 (  66   67   55) |     12           (    0     2    32) |      239.53        1275.21        1.160444
     tip     1    66 (  -1   -1   63) |      0[seq00001] (   -1    -1    12) |        0.00         239.53        0.217973
     tip     3    67 (  -1   -1   63) |      2[seq00003] (   -1    -1    12) |        0.00         239.53        0.217973
internal    15    73 (  74   75   45) |     13           (    1     4    51) |      578.15        2597.08        2.363340
     tip     2    74 (  -1   -1   73) |      1[seq00002] (   -1    -1    13) |        0.00         578.15        0.526114
     tip     5    75 (  -1   -1   73) |      4[seq00005] (   -1    -1    13) |        0.00         578.15        0.526114
outgroup     9   657 (  -1   -1   45) |     61[outgroup] (   -1    -1    51) |        0.00         109.89        0.100000


Dataset_2 Fragment_3 [19-28]
----------------- Nodes -------------------
  class  label index (left right anc) | NetNode[info]       (left right anc) |        time    time length   branch lenght
---------------------------------------------------------------------------------------------------------------
    root    16    83 (  87  111   -1) |     51[root]     (   39    13    -1) |     3175.22           0.00        0.000000
internal    14    87 (  92   93   83) |     39           (    5    32    51) |     1910.70        1264.53        1.150720
     tip     6    92 (  -1   -1   87) |      5[seq00006] (   -1    -1    39) |        0.00        1910.70        1.738734
internal    13    93 (  96  102   87) |     32           (   14    11    39) |     1514.74         395.95        0.360317
internal    11    96 (  97   98   93) |     14           (    7     8    32) |      736.66         778.08        0.708057
     tip     8    97 (  -1   -1   96) |      7[seq00008] (   -1    -1    14) |        0.00         736.66        0.670360
internal    10    98 (  99  100   96) |      8           (    6     3    14) |        2.37         734.29        0.668203
     tip     7    99 (  -1   -1   98) |      6[seq00007] (   -1    -1     8) |        0.00           2.37        0.002157
     tip     4   100 (  -1   -1   98) |      3[seq00004] (   -1    -1     8) |        0.00           2.37        0.002157
internal    12   102 ( 103  105   93) |     11           (    2     0    32) |      185.42        1329.32        1.209684
     tip     3   103 (  -1   -1  102) |      2[seq00003] (   -1    -1    11) |        0.00         185.42        0.168733
     tip     1   105 (  -1   -1  102) |      0[seq00001] (   -1    -1    11) |        0.00         185.42        0.168733
internal    15   111 ( 112  113   83) |     13           (    1     4    51) |      578.15        2597.08        2.363340
     tip     2   112 (  -1   -1  111) |      1[seq00002] (   -1    -1    13) |        0.00         578.15        0.526114
     tip     5   113 (  -1   -1  111) |      4[seq00005] (   -1    -1    13) |        0.00         578.15        0.526114
outgroup     9   658 (  -1   -1   83) |     62[outgroup] (   -1    -1    51) |        0.00         109.89        0.100000


Dataset_2 Fragment_4 [29-35]
----------------- Nodes -------------------
  class  label index (left right anc) | NetNode[info]       (left right anc) |        time    time length   branch lenght
---------------------------------------------------------------------------------------------------------------
    root    16   117 ( 129  134   -1) |     57[root]     (   13    39    -1) |     3608.99           0.00        0.000000
internal    10   129 ( 130  131  117) |     13           (    1     4    57) |      578.15        3030.84        2.758065
     tip     2   130 (  -1   -1  129) |      1[seq00002] (   -1    -1    13) |        0.00         578.15        0.526114
     tip     5   131 (  -1   -1  129) |      4[seq00005] (   -1    -1    13) |        0.00         578.15        0.526114
internal    15   134 ( 139  140  117) |     39           (    5    32    57) |     1910.70        1698.29        1.545445
     tip     6   139 (  -1   -1  134) |      5[seq00006] (   -1    -1    39) |        0.00        1910.70        1.738734
internal    14   140 ( 143  149  134) |     32           (   14    11    39) |     1514.74         395.95        0.360317
internal    12   143 ( 144  145  140) |     14           (    7     8    32) |      736.66         778.08        0.708057
     tip     8   144 (  -1   -1  143) |      7[seq00008] (   -1    -1    14) |        0.00         736.66        0.670360
internal    11   145 ( 146  147  143) |      8           (    6     3    14) |        2.37         734.29        0.668203
     tip     7   146 (  -1   -1  145) |      6[seq00007] (   -1    -1     8) |        0.00           2.37        0.002157
     tip     4   147 (  -1   -1  145) |      3[seq00004] (   -1    -1     8) |        0.00           2.37        0.002157
internal    13   149 ( 150  152  140) |     11           (    2     0    32) |      185.42        1329.32        1.209684
     tip     3   150 (  -1   -1  149) |      2[seq00003] (   -1    -1    11) |        0.00         185.42        0.168733
     tip     1   152 (  -1   -1  149) |      0[seq00001] (   -1    -1    11) |        0.00         185.42        0.168733
outgroup     9   659 (  -1   -1  117) |     63[outgroup] (   -1    -1    57) |        0.00         109.89        0.100000


Dataset_2 Fragment_5 [36-50]
----------------- Nodes -------------------
  class  label index (left right anc) | NetNode[info]       (left right anc) |        time    time length   branch lenght
---------------------------------------------------------------------------------------------------------------
    root    16   156 ( 168  173   -1) |     57[root]     (   13    39    -1) |     3608.99           0.00        0.000000
internal    10   168 ( 169  170  156) |     13           (    1     4    57) |      578.15        3030.84        2.758065
     tip     2   169 (  -1   -1  168) |      1[seq00002] (   -1    -1    13) |        0.00         578.15        0.526114
     tip     5   170 (  -1   -1  168) |      4[seq00005] (   -1    -1    13) |        0.00         578.15        0.526114
internal    15   173 ( 174  191  156) |     39           (   33    11    57) |     1910.70        1698.29        1.545445
internal    13   174 ( 179  183  173) |     33           (    5    14    39) |     1595.37         315.33        0.286951
     tip     6   179 (  -1   -1  174) |      5[seq00006] (   -1    -1    33) |        0.00        1595.37        1.451783
internal    12   183 ( 184  185  174) |     14           (    7     8    33) |      736.66         858.71        0.781423
     tip     8   184 (  -1   -1  183) |      7[seq00008] (   -1    -1    14) |        0.00         736.66        0.670360
internal    11   185 ( 186  187  183) |      8           (    6     3    14) |        2.37         734.29        0.668203
     tip     7   186 (  -1   -1  185) |      6[seq00007] (   -1    -1     8) |        0.00           2.37        0.002157
     tip     4   187 (  -1   -1  185) |      3[seq00004] (   -1    -1     8) |        0.00           2.37        0.002157
internal    14   191 ( 192  194  173) |     11           (    2     0    39) |      185.42        1725.28        1.570001
     tip     3   192 (  -1   -1  191) |      2[seq00003] (   -1    -1    11) |        0.00         185.42        0.168733
     tip     1   194 (  -1   -1  191) |      0[seq00001] (   -1    -1    11) |        0.00         185.42        0.168733
outgroup     9   660 (  -1   -1  156) |     64[outgroup] (   -1    -1    57) |        0.00         109.89        0.100000


Dataset_2 Fragment_6 [51-56]
----------------- Nodes -------------------
  class  label index (left right anc) | NetNode[info]       (left right anc) |        time    time length   branch lenght
---------------------------------------------------------------------------------------------------------------
    root    16   198 ( 210  215   -1) |     57[root]     (   13    39    -1) |     3608.99           0.00        0.000000
internal    10   210 ( 211  212  198) |     13           (    1     4    57) |      578.15        3030.84        2.758065
     tip     2   211 (  -1   -1  210) |      1[seq00002] (   -1    -1    13) |        0.00         578.15        0.526114
     tip     5   212 (  -1   -1  210) |      4[seq00005] (   -1    -1    13) |        0.00         578.15        0.526114
internal    15   215 ( 216  233  198) |     39           (   33    11    57) |     1910.70        1698.29        1.545445
internal    13   216 ( 221  225  215) |     33           (    5    14    39) |     1595.37         315.33        0.286951
     tip     6   221 (  -1   -1  216) |      5[seq00006] (   -1    -1    33) |        0.00        1595.37        1.451783
internal    12   225 ( 226  227  216) |     14           (    7     8    33) |      736.66         858.71        0.781423
     tip     8   226 (  -1   -1  225) |      7[seq00008] (   -1    -1    14) |        0.00         736.66        0.670360
internal    11   227 ( 228  229  225) |      8           (    6     3    14) |        2.37         734.29        0.668203
     tip     7   228 (  -1   -1  227) |      6[seq00007] (   -1    -1     8) |        0.00           2.37        0.002157
     tip     4   229 (  -1   -1  227) |      3[seq00004] (   -1    -1     8) |        0.00           2.37        0.002157
internal    14   233 ( 234  236  215) |     11           (    2     0    39) |      185.42        1725.28        1.570001
     tip     3   234 (  -1   -1  233) |      2[seq00003] (   -1    -1    11) |        0.00         185.42        0.168733
     tip     1   236 (  -1   -1  233) |      0[seq00001] (   -1    -1    11) |        0.00         185.42        0.168733
outgroup     9   661 (  -1   -1  198) |     65[outgroup] (   -1    -1    57) |        0.00         109.89        0.100000


Dataset_2 Fragment_7 [57-72]
----------------- Nodes -------------------
  class  label index (left right anc) | NetNode[info]       (left right anc) |        time    time length   branch lenght
---------------------------------------------------------------------------------------------------------------
    root    16   239 ( 251  257   -1) |     58[root]     (   13    39    -1) |     3796.37           0.00        0.000000
internal    10   251 ( 252  253  239) |     13           (    1     4    58) |      578.15        3218.22        2.928584
     tip     2   252 (  -1   -1  251) |      1[seq00002] (   -1    -1    13) |        0.00         578.15        0.526114
     tip     5   253 (  -1   -1  251) |      4[seq00005] (   -1    -1    13) |        0.00         578.15        0.526114
internal    15   257 ( 258  275  239) |     39           (   33    11    58) |     1910.70        1885.67        1.715964
internal    13   258 ( 263  267  257) |     33           (    5    14    39) |     1595.37         315.33        0.286951
     tip     6   263 (  -1   -1  258) |      5[seq00006] (   -1    -1    33) |        0.00        1595.37        1.451783
internal    12   267 ( 268  269  258) |     14           (    7     8    33) |      736.66         858.71        0.781423
     tip     8   268 (  -1   -1  267) |      7[seq00008] (   -1    -1    14) |        0.00         736.66        0.670360
internal    11   269 ( 270  271  267) |      8           (    6     3    14) |        2.37         734.29        0.668203
     tip     7   270 (  -1   -1  269) |      6[seq00007] (   -1    -1     8) |        0.00           2.37        0.002157
     tip     4   271 (  -1   -1  269) |      3[seq00004] (   -1    -1     8) |        0.00           2.37        0.002157
internal    14   275 ( 276  278  257) |     11           (    2     0    39) |      185.42        1725.28        1.570001
     tip     3   276 (  -1   -1  275) |      2[seq00003] (   -1    -1    11) |        0.00         185.42        0.168733
     tip     1   278 (  -1   -1  275) |      0[seq00001] (   -1    -1    11) |        0.00         185.42        0.168733
outgroup     9   662 (  -1   -1  239) |     66[outgroup] (   -1    -1    58) |        0.00         109.89        0.100000


Dataset_2 Fragment_8 [73-84]
----------------- Nodes -------------------
  class  label index (left right anc) | NetNode[info]       (left right anc) |        time    time length   branch lenght
---------------------------------------------------------------------------------------------------------------
    root    16   281 ( 293  299   -1) |     58[root]     (   13    39    -1) |     3796.37           0.00        0.000000
internal    10   293 ( 294  295  281) |     13           (    1     4    58) |      578.15        3218.22        2.928584
     tip     2   294 (  -1   -1  293) |      1[seq00002] (   -1    -1    13) |        0.00         578.15        0.526114
     tip     5   295 (  -1   -1  293) |      4[seq00005] (   -1    -1    13) |        0.00         578.15        0.526114
internal    15   299 ( 300  317  281) |     39           (   33    11    58) |     1910.70        1885.67        1.715964
internal    13   300 ( 305  309  299) |     33           (    5    14    39) |     1595.37         315.33        0.286951
     tip     6   305 (  -1   -1  300) |      5[seq00006] (   -1    -1    33) |        0.00        1595.37        1.451783
internal    12   309 ( 310  311  300) |     14           (    7     8    33) |      736.66         858.71        0.781423
     tip     8   310 (  -1   -1  309) |      7[seq00008] (   -1    -1    14) |        0.00         736.66        0.670360
internal    11   311 ( 312  313  309) |      8           (    6     3    14) |        2.37         734.29        0.668203
     tip     7   312 (  -1   -1  311) |      6[seq00007] (   -1    -1     8) |        0.00           2.37        0.002157
     tip     4   313 (  -1   -1  311) |      3[seq00004] (   -1    -1     8) |        0.00           2.37        0.002157
internal    14   317 ( 318  320  299) |     11           (    2     0    39) |      185.42        1725.28        1.570001
     tip     3   318 (  -1   -1  317) |      2[seq00003] (   -1    -1    11) |        0.00         185.42        0.168733
     tip     1   320 (  -1   -1  317) |      0[seq00001] (   -1    -1    11) |        0.00         185.42        0.168733
outgroup     9   663 (  -1   -1  281) |     67[outgroup] (   -1    -1    58) |        0.00         109.89        0.100000


Dataset_2 Fragment_9 [85-93]
----------------- Nodes -------------------
  class  label index (left right anc) | NetNode[info]       (left right anc) |        time    time length   branch lenght
---------------------------------------------------------------------------------------------------------------
    root    16   323 ( 331  351   -1) |     58[root]     (   44    33    -1) |     3796.37           0.00        0.000000
internal    12   331 ( 338  344  323) |     44           (   11    13    58) |     2147.23        1649.14        1.500721
internal    10   338 ( 339  341  331) |     11           (    2     0    44) |      185.42        1961.81        1.785244
     tip     3   339 (  -1   -1  338) |      2[seq00003] (   -1    -1    11) |        0.00         185.42        0.168733
     tip     1   341 (  -1   -1  338) |      0[seq00001] (   -1    -1    11) |        0.00         185.42        0.168733
internal    11   344 ( 345  346  331) |     13           (    1     4    44) |      578.15        1569.08        1.427863
     tip     2   345 (  -1   -1  344) |      1[seq00002] (   -1    -1    13) |        0.00         578.15        0.526114
     tip     5   346 (  -1   -1  344) |      4[seq00005] (   -1    -1    13) |        0.00         578.15        0.526114
internal    15   351 ( 355  359  323) |     33           (    5    14    58) |     1595.37        2201.01        2.002915
     tip     6   355 (  -1   -1  351) |      5[seq00006] (   -1    -1    33) |        0.00        1595.37        1.451783
internal    14   359 ( 360  361  351) |     14           (    7     8    33) |      736.66         858.71        0.781423
     tip     8   360 (  -1   -1  359) |      7[seq00008] (   -1    -1    14) |        0.00         736.66        0.670360
internal    13   361 ( 362  363  359) |      8           (    6     3    14) |        2.37         734.29        0.668203
     tip     7   362 (  -1   -1  361) |      6[seq00007] (   -1    -1     8) |        0.00           2.37        0.002157
     tip     4   363 (  -1   -1  361) |      3[seq00004] (   -1    -1     8) |        0.00           2.37        0.002157
outgroup     9   664 (  -1   -1  323) |     68[outgroup] (   -1    -1    58) |        0.00         109.89        0.100000


Dataset_2 Fragment_10 [94-97]
----------------- Nodes -------------------
  class  label index (left right anc) | NetNode[info]       (left right anc) |        time    time length   branch lenght
---------------------------------------------------------------------------------------------------------------
    root    16   366 ( 374  394   -1) |     58[root]     (   44    33    -1) |     3796.37           0.00        0.000000
internal    12   374 ( 381  387  366) |     44           (   11    13    58) |     2147.23        1649.14        1.500721
internal    10   381 ( 382  384  374) |     11           (    2     0    44) |      185.42        1961.81        1.785244
     tip     3   382 (  -1   -1  381) |      2[seq00003] (   -1    -1    11) |        0.00         185.42        0.168733
     tip     1   384 (  -1   -1  381) |      0[seq00001] (   -1    -1    11) |        0.00         185.42        0.168733
internal    11   387 ( 388  389  374) |     13           (    1     4    44) |      578.15        1569.08        1.427863
     tip     2   388 (  -1   -1  387) |      1[seq00002] (   -1    -1    13) |        0.00         578.15        0.526114
     tip     5   389 (  -1   -1  387) |      4[seq00005] (   -1    -1    13) |        0.00         578.15        0.526114
internal    15   394 ( 398  402  366) |     33           (    5    14    58) |     1595.37        2201.01        2.002915
     tip     6   398 (  -1   -1  394) |      5[seq00006] (   -1    -1    33) |        0.00        1595.37        1.451783
internal    14   402 ( 403  404  394) |     14           (    7     8    33) |      736.66         858.71        0.781423
     tip     8   403 (  -1   -1  402) |      7[seq00008] (   -1    -1    14) |        0.00         736.66        0.670360
internal    13   404 ( 405  406  402) |      8           (    6     3    14) |        2.37         734.29        0.668203
     tip     7   405 (  -1   -1  404) |      6[seq00007] (   -1    -1     8) |        0.00           2.37        0.002157
     tip     4   406 (  -1   -1  404) |      3[seq00004] (   -1    -1     8) |        0.00           2.37        0.002157
outgroup     9   665 (  -1   -1  366) |     69[outgroup] (   -1    -1    58) |        0.00         109.89        0.100000


Dataset_2 Fragment_11 [98-119]
----------------- Nodes -------------------
  class  label index (left right anc) | NetNode[info]       (left right anc) |        time    time length   branch lenght
---------------------------------------------------------------------------------------------------------------
    root    16   409 ( 418  437   -1) |     58[root]     (   42    33    -1) |     3796.37           0.00        0.000000
internal    12   418 ( 424  430  409) |     42           (   11    13    58) |     2082.86        1713.51        1.559291
internal    10   424 ( 425  427  418) |     11           (    2     0    42) |      185.42        1897.44        1.726673
     tip     3   425 (  -1   -1  424) |      2[seq00003] (   -1    -1    11) |        0.00         185.42        0.168733
     tip     1   427 (  -1   -1  424) |      0[seq00001] (   -1    -1    11) |        0.00         185.42        0.168733
internal    11   430 ( 431  432  418) |     13           (    1     4    42) |      578.15        1504.72        1.369292
     tip     2   431 (  -1   -1  430) |      1[seq00002] (   -1    -1    13) |        0.00         578.15        0.526114
     tip     5   432 (  -1   -1  430) |      4[seq00005] (   -1    -1    13) |        0.00         578.15        0.526114
internal    15   437 ( 441  445  409) |     33           (    5    14    58) |     1595.37        2201.01        2.002915
     tip     6   441 (  -1   -1  437) |      5[seq00006] (   -1    -1    33) |        0.00        1595.37        1.451783
internal    14   445 ( 446  447  437) |     14           (    7     8    33) |      736.66         858.71        0.781423
     tip     8   446 (  -1   -1  445) |      7[seq00008] (   -1    -1    14) |        0.00         736.66        0.670360
internal    13   447 ( 448  449  445) |      8           (    6     3    14) |        2.37         734.29        0.668203
     tip     7   448 (  -1   -1  447) |      6[seq00007] (   -1    -1     8) |        0.00           2.37        0.002157
     tip     4   449 (  -1   -1  447) |      3[seq00004] (   -1    -1     8) |        0.00           2.37        0.002157
outgroup     9   666 (  -1   -1  409) |     70[outgroup] (   -1    -1    58) |        0.00         109.89        0.100000


Dataset_2 Fragment_12 [120-133]
----------------- Nodes -------------------
  class  label index (left right anc) | NetNode[info]       (left right anc) |        time    time length   branch lenght
---------------------------------------------------------------------------------------------------------------
    root    16   457 ( 461  479   -1) |     48[root]     (   42    33    -1) |     2342.49           0.00        0.000000
internal    12   461 ( 467  473  457) |     42           (   11    13    48) |     2082.86         259.62        0.236256
internal    10   467 ( 468  470  461) |     11           (    2     0    42) |      185.42        1897.44        1.726673
     tip     3   468 (  -1   -1  467) |      2[seq00003] (   -1    -1    11) |        0.00         185.42        0.168733
     tip     1   470 (  -1   -1  467) |      0[seq00001] (   -1    -1    11) |        0.00         185.42        0.168733
internal    11   473 ( 474  475  461) |     13           (    1     4    42) |      578.15        1504.72        1.369292
     tip     2   474 (  -1   -1  473) |      1[seq00002] (   -1    -1    13) |        0.00         578.15        0.526114
     tip     5   475 (  -1   -1  473) |      4[seq00005] (   -1    -1    13) |        0.00         578.15        0.526114
internal    15   479 ( 483  487  457) |     33           (    5    14    48) |     1595.37         747.12        0.679880
     tip     6   483 (  -1   -1  479) |      5[seq00006] (   -1    -1    33) |        0.00        1595.37        1.451783
internal    14   487 ( 488  489  479) |     14           (    7     8    33) |      736.66         858.71        0.781423
     tip     8   488 (  -1   -1  487) |      7[seq00008] (   -1    -1    14) |        0.00         736.66        0.670360
internal    13   489 ( 490  491  487) |      8           (    6     3    14) |        2.37         734.29        0.668203
     tip     7   490 (  -1   -1  489) |      6[seq00007] (   -1    -1     8) |        0.00           2.37        0.002157
     tip     4   491 (  -1   -1  489) |      3[seq00004] (   -1    -1     8) |        0.00           2.37        0.002157
outgroup     9   667 (  -1   -1  457) |     71[outgroup] (   -1    -1    48) |        0.00         109.89        0.100000


Dataset_2 Fragment_13 [134-136]
----------------- Nodes -------------------
  class  label index (left right anc) | NetNode[info]       (left right anc) |        time    time length   branch lenght
---------------------------------------------------------------------------------------------------------------
    root    16   499 ( 503  518   -1) |     48[root]     (   42    43    -1) |     2342.49           0.00        0.000000
internal    12   503 ( 509  515  499) |     42           (   11    13    48) |     2082.86         259.62        0.236256
internal    10   509 ( 510  512  503) |     11           (    2     0    42) |      185.42        1897.44        1.726673
     tip     3   510 (  -1   -1  509) |      2[seq00003] (   -1    -1    11) |        0.00         185.42        0.168733
     tip     1   512 (  -1   -1  509) |      0[seq00001] (   -1    -1    11) |        0.00         185.42        0.168733
internal    11   515 ( 516  517  503) |     13           (    1     4    42) |      578.15        1504.72        1.369292
     tip     2   516 (  -1   -1  515) |      1[seq00002] (   -1    -1    13) |        0.00         578.15        0.526114
     tip     5   517 (  -1   -1  515) |      4[seq00005] (   -1    -1    13) |        0.00         578.15        0.526114
internal    15   518 ( 523  530  499) |     43           (    5    14    48) |     2141.61         200.88        0.182801
     tip     6   523 (  -1   -1  518) |      5[seq00006] (   -1    -1    43) |        0.00        2141.61        1.948861
internal    14   530 ( 531  532  518) |     14           (    7     8    43) |      736.66        1404.95        1.278501
     tip     8   531 (  -1   -1  530) |      7[seq00008] (   -1    -1    14) |        0.00         736.66        0.670360
internal    13   532 ( 533  534  530) |      8           (    6     3    14) |        2.37         734.29        0.668203
     tip     7   533 (  -1   -1  532) |      6[seq00007] (   -1    -1     8) |        0.00           2.37        0.002157
     tip     4   534 (  -1   -1  532) |      3[seq00004] (   -1    -1     8) |        0.00           2.37        0.002157
outgroup     9   668 (  -1   -1  499) |     72[outgroup] (   -1    -1    48) |        0.00         109.89        0.100000


Dataset_2 Fragment_14 [137-139]
----------------- Nodes -------------------
  class  label index (left right anc) | NetNode[info]       (left right anc) |        time    time length   branch lenght
---------------------------------------------------------------------------------------------------------------
    root    16   542 ( 546  562   -1) |     48[root]     (   42    36    -1) |     2342.49           0.00        0.000000
internal    12   546 ( 552  558  542) |     42           (   11    13    48) |     2082.86         259.62        0.236256
internal    10   552 ( 553  555  546) |     11           (    2     0    42) |      185.42        1897.44        1.726673
     tip     3   553 (  -1   -1  552) |      2[seq00003] (   -1    -1    11) |        0.00         185.42        0.168733
     tip     1   555 (  -1   -1  552) |      0[seq00001] (   -1    -1    11) |        0.00         185.42        0.168733
internal    11   558 ( 559  560  546) |     13           (    1     4    42) |      578.15        1504.72        1.369292
     tip     2   559 (  -1   -1  558) |      1[seq00002] (   -1    -1    13) |        0.00         578.15        0.526114
     tip     5   560 (  -1   -1  558) |      4[seq00005] (   -1    -1    13) |        0.00         578.15        0.526114
internal    15   562 ( 566  570  542) |     36           (    5    14    48) |     1842.23         500.26        0.455237
     tip     6   566 (  -1   -1  562) |      5[seq00006] (   -1    -1    36) |        0.00        1842.23        1.676425
internal    14   570 ( 571  572  562) |     14           (    7     8    36) |      736.66        1105.57        1.006065
     tip     8   571 (  -1   -1  570) |      7[seq00008] (   -1    -1    14) |        0.00         736.66        0.670360
internal    13   572 ( 573  574  570) |      8           (    6     3    14) |        2.37         734.29        0.668203
     tip     7   573 (  -1   -1  572) |      6[seq00007] (   -1    -1     8) |        0.00           2.37        0.002157
     tip     4   574 (  -1   -1  572) |      3[seq00004] (   -1    -1     8) |        0.00           2.37        0.002157
outgroup     9   669 (  -1   -1  542) |     73[outgroup] (   -1    -1    48) |        0.00         109.89        0.100000


Dataset_2 Fragment_15 [140-148]
----------------- Nodes -------------------
  class  label index (left right anc) | NetNode[info]       (left right anc) |        time    time length   branch lenght
---------------------------------------------------------------------------------------------------------------
    root    16   582 ( 583  600   -1) |     48[root]     (   45    36    -1) |     2342.49           0.00        0.000000
internal    12   583 ( 591  595  582) |     45           (   13    11    48) |     2245.74          96.75        0.088041
internal    10   591 ( 592  593  583) |     13           (    1     4    45) |      578.15        1667.59        1.517507
     tip     2   592 (  -1   -1  591) |      1[seq00002] (   -1    -1    13) |        0.00         578.15        0.526114
     tip     5   593 (  -1   -1  591) |      4[seq00005] (   -1    -1    13) |        0.00         578.15        0.526114
internal    11   595 ( 596  598  583) |     11           (    2     0    45) |      185.42        2060.32        1.874888
     tip     3   596 (  -1   -1  595) |      2[seq00003] (   -1    -1    11) |        0.00         185.42        0.168733
     tip     1   598 (  -1   -1  595) |      0[seq00001] (   -1    -1    11) |        0.00         185.42        0.168733
internal    15   600 ( 604  608  582) |     36           (    5    14    48) |     1842.23         500.26        0.455237
     tip     6   604 (  -1   -1  600) |      5[seq00006] (   -1    -1    36) |        0.00        1842.23        1.676425
internal    14   608 ( 609  610  600) |     14           (    7     8    36) |      736.66        1105.57        1.006065
     tip     8   609 (  -1   -1  608) |      7[seq00008] (   -1    -1    14) |        0.00         736.66        0.670360
internal    13   610 ( 611  612  608) |      8           (    6     3    14) |        2.37         734.29        0.668203
     tip     7   611 (  -1   -1  610) |      6[seq00007] (   -1    -1     8) |        0.00           2.37        0.002157
     tip     4   612 (  -1   -1  610) |      3[seq00004] (   -1    -1     8) |        0.00           2.37        0.002157
outgroup     9   670 (  -1   -1  582) |     74[outgroup] (   -1    -1    48) |        0.00         109.89        0.100000


Dataset_2 Fragment_16 [149-150]
----------------- Nodes -------------------
  class  label index (left right anc) | NetNode[info]       (left right anc) |        time    time length   branch lenght
---------------------------------------------------------------------------------------------------------------
    root    16   620 ( 621  637   -1) |     48[root]     (   45    43    -1) |     2342.49           0.00        0.000000
internal    12   621 ( 629  633  620) |     45           (   13    11    48) |     2245.74          96.75        0.088041
internal    10   629 ( 630  631  621) |     13           (    1     4    45) |      578.15        1667.59        1.517507
     tip     2   630 (  -1   -1  629) |      1[seq00002] (   -1    -1    13) |        0.00         578.15        0.526114
     tip     5   631 (  -1   -1  629) |      4[seq00005] (   -1    -1    13) |        0.00         578.15        0.526114
internal    11   633 ( 634  636  621) |     11           (    2     0    45) |      185.42        2060.32        1.874888
     tip     3   634 (  -1   -1  633) |      2[seq00003] (   -1    -1    11) |        0.00         185.42        0.168733
     tip     1   636 (  -1   -1  633) |      0[seq00001] (   -1    -1    11) |        0.00         185.42        0.168733
internal    15   637 ( 644  654  620) |     43           (   14     5    48) |     2141.61         200.88        0.182801
internal    14   644 ( 645  646  637) |     14           (    7     8    43) |      736.66        1404.95        1.278501
     tip     8   645 (  -1   -1  644) |      7[seq00008] (   -1    -1    14) |        0.00         736.66        0.670360
internal    13   646 ( 647  648  644) |      8           (    6     3    14) |        2.37         734.29        0.668203
     tip     7   647 (  -1   -1  646) |      6[seq00007] (   -1    -1     8) |        0.00           2.37        0.002157
     tip     4   648 (  -1   -1  646) |      3[seq00004] (   -1    -1     8) |        0.00           2.37        0.002157
     tip     6   654 (  -1   -1  637) |      5[seq00006] (   -1    -1    43) |        0.00        2141.61        1.948861
outgroup     9   671 (  -1   -1  620) |     75[outgroup] (   -1    -1    48) |        0.00         109.89        0.100000
