

Dataset_1 Fragment_1 [1-68]
----------------- Nodes -------------------
  class  label index (left right anc) | NetNode[info]       (left right anc) |        time    time length   branch lenght
---------------------------------------------------------------------------------------------------------------
    root    15     1 (   2   18   -1) |     20[root]     (   19     5    -1) |     1542.25           0.00        0.000000
internal    14     2 (   4    5    1) |     19           (   18     3    20) |     1444.38          97.86        0.020552
internal    13     4 (   6    7    2) |     18           (   16     1    19) |     1029.09         415.29        0.087211
internal    12     6 (   8    9    4) |     16           (   13    15    18) |      364.94         664.15        0.139472
internal     9     8 (  10   11    6) |     13           (    0     6    16) |      202.82         162.12        0.034045
     tip     1    10 (  -1   -1    8) |      0[seq00001] (   -1    -1    13) |        0.00         202.82        0.042593
     tip     7    11 (  -1   -1    8) |      6[seq00007] (   -1    -1    13) |        0.00         202.82        0.042593
internal    11     9 (  14   13    6) |     15           (    7     8    16) |      258.53         106.41        0.022346
     tip     8    14 (  -1   -1    9) |      7[seq00008] (   -1    -1    15) |        0.00         258.53        0.054292
internal    10    13 (  15   16    9) |      8           (    4     2    15) |        9.14         249.39        0.052373
     tip     5    15 (  -1   -1   13) |      4[seq00005] (   -1    -1     8) |        0.00           9.14        0.001919
     tip     3    16 (  -1   -1   13) |      2[seq00003] (   -1    -1     8) |        0.00           9.14        0.001919
     tip     2     7 (  -1   -1    4) |      1[seq00002] (   -1    -1    18) |        0.00        1029.09        0.216110
     tip     4     5 (  -1   -1    2) |      3[seq00004] (   -1    -1    19) |        0.00        1444.38        0.303321
     tip     6    18 (  -1   -1    1) |      5[seq00006] (   -1    -1    20) |        0.00        1542.25        0.323872


Dataset_1 Fragment_2 [69-284]
----------------- Nodes -------------------
  class  label index (left right anc) | NetNode[info]       (left right anc) |        time    time length   branch lenght
---------------------------------------------------------------------------------------------------------------
    root    15    19 (  21   38   -1) |     20[root]     (   19     5    -1) |     1542.25           0.00        0.000000
internal    14    21 (  23   24   19) |     19           (   18     3    20) |     1444.38          97.86        0.020552
internal    13    23 (  25   26   21) |     18           (   16     1    19) |     1029.09         415.29        0.087211
internal    12    25 (  27   28   23) |     16           (   13    15    18) |      364.94         664.15        0.139472
internal     9    27 (  29   30   25) |     13           (    0     6    16) |      202.82         162.12        0.034045
     tip     1    29 (  -1   -1   27) |      0[seq00001] (   -1    -1    13) |        0.00         202.82        0.042593
     tip     7    30 (  -1   -1   27) |      6[seq00007] (   -1    -1    13) |        0.00         202.82        0.042593
internal    11    28 (  33   32   25) |     15           (    7     8    16) |      258.53         106.41        0.022346
     tip     8    33 (  -1   -1   28) |      7[seq00008] (   -1    -1    15) |        0.00         258.53        0.054292
internal    10    32 (  34   35   28) |      8           (    4     2    15) |        9.14         249.39        0.052373
     tip     5    34 (  -1   -1   32) |      4[seq00005] (   -1    -1     8) |        0.00           9.14        0.001919
     tip     3    35 (  -1   -1   32) |      2[seq00003] (   -1    -1     8) |        0.00           9.14        0.001919
     tip     2    26 (  -1   -1   23) |      1[seq00002] (   -1    -1    18) |        0.00        1029.09        0.216110
     tip     4    24 (  -1   -1   21) |      3[seq00004] (   -1    -1    19) |        0.00        1444.38        0.303321
     tip     6    38 (  -1   -1   19) |      5[seq00006] (   -1    -1    20) |        0.00        1542.25        0.323872


Dataset_1 Fragment_3 [285-500]
----------------- Nodes -------------------
  class  label index (left right anc) | NetNode[info]       (left right anc) |        time    time length   branch lenght
---------------------------------------------------------------------------------------------------------------
    root    15    39 (  41   54   -1) |     20[root]     (   19    14    -1) |     1542.25           0.00        0.000000
internal    13    41 (  43   44   39) |     19           (   18     3    20) |     1444.38          97.86        0.020552
internal    12    43 (  45   46   41) |     18           (   16     1    19) |     1029.09         415.29        0.087211
internal    11    45 (  47   51   43) |     16           (   13     8    18) |      364.94         664.15        0.139472
internal     9    47 (  49   50   45) |     13           (    0     6    16) |      202.82         162.12        0.034045
     tip     1    49 (  -1   -1   47) |      0[seq00001] (   -1    -1    13) |        0.00         202.82        0.042593
     tip     7    50 (  -1   -1   47) |      6[seq00007] (   -1    -1    13) |        0.00         202.82        0.042593
internal    10    51 (  52   53   45) |      8           (    4     2    16) |        9.14         355.80        0.074719
     tip     5    52 (  -1   -1   51) |      4[seq00005] (   -1    -1     8) |        0.00           9.14        0.001919
     tip     3    53 (  -1   -1   51) |      2[seq00003] (   -1    -1     8) |        0.00           9.14        0.001919
     tip     2    46 (  -1   -1   43) |      1[seq00002] (   -1    -1    18) |        0.00        1029.09        0.216110
     tip     4    44 (  -1   -1   41) |      3[seq00004] (   -1    -1    19) |        0.00        1444.38        0.303321
internal    14    54 (  57   58   39) |     14           (    5     7    20) |      252.60        1289.65        0.270827
     tip     6    57 (  -1   -1   54) |      5[seq00006] (   -1    -1    14) |        0.00         252.60        0.053045
     tip     8    58 (  -1   -1   54) |      7[seq00008] (   -1    -1    14) |        0.00         252.60        0.053045
