

Dataset_1 Fragment_1 [1-34]
-------------------- Nodes -------------------------
  class  label index (left right anc) | NetNode[info]       (left right anc) | deme |        time    time length   branch lenght
----------------------------------------------------------------------------------------------------------------------
    root   16    1   (   7   23   -1) |     29[root]     (   24    11    -1) |  7 |     1849.26           0.00        0.000000
internal   14    7   (  10   14    1) |     24           (   19    18    29) |  7 |     1231.68         617.58        0.562000
internal   10   10   (  13   12    7) |     19           (    0     5    24) |  7 |     1102.39         129.29        0.117654
     tip    1   13   (  -1   -1   10) |      0[seq00001] (   -1    -1    19) |  1 |        0.00        1102.39        1.003172
     tip    6   12   (  -1   -1   10) |      5[seq00006] (   -1    -1    19) |  3 |        0.00        1102.39        1.003172
internal   13   14   (  17   16    7) |     18           (    6    12    24) |  7 |     1013.36         218.32        0.198670
     tip    7   17   (  -1   -1   14) |      6[seq00007] (   -1    -1    18) |  3 |        0.00        1013.36        0.922156
internal   12   16   (  18   19   14) |     12           (   10     7    18) |  4 |      127.56         885.80        0.806079
internal   11   18   (  22   21   16) |     10           (    2     4    12) |  3 |      104.02          23.54        0.021421
     tip    3   22   (  -1   -1   18) |      2[seq00003] (   -1    -1    10) |  2 |        0.00         104.02        0.094657
     tip    5   21   (  -1   -1   18) |      4[seq00005] (   -1    -1    10) |  3 |        0.00         104.02        0.094657
     tip    8   19   (  -1   -1   16) |      7[seq00008] (   -1    -1    12) |  4 |        0.00         127.56        0.116078
internal   15   23   (  24   25    1) |     11           (    3     1    29) |  5 |      107.49        1741.77        1.585014
     tip    4   24   (  -1   -1   23) |      3[seq00004] (   -1    -1    11) |  2 |        0.00         107.49        0.097812
     tip    2   25   (  -1   -1   23) |      1[seq00002] (   -1    -1    11) |  1 |        0.00         107.49        0.097812
outgroup    9  156   (  -1   -1    1) |     30[outgroup] (   -1    -1    29) |  0 |        0.00         109.89        0.100000


Dataset_1 Fragment_2 [35-50]
-------------------- Nodes -------------------------
  class  label index (left right anc) | NetNode[info]       (left right anc) | deme |        time    time length   branch lenght
----------------------------------------------------------------------------------------------------------------------
    root   16   26   (  28   49   -1) |     29[root]     (   28    11    -1) |  7 |     1849.26           0.00        0.000000
internal   14   28   (  34   48   26) |     28           (   24     6    29) |  7 |     1511.53         337.73        0.307333
internal   13   34   (  37   42   28) |     24           (   19    12    28) |  7 |     1231.68         279.85        0.254667
internal   10   37   (  40   39   34) |     19           (    0     5    24) |  7 |     1102.39         129.29        0.117654
     tip    1   40   (  -1   -1   37) |      0[seq00001] (   -1    -1    19) |  1 |        0.00        1102.39        1.003172
     tip    6   39   (  -1   -1   37) |      5[seq00006] (   -1    -1    19) |  3 |        0.00        1102.39        1.003172
internal   12   42   (  43   44   34) |     12           (   10     7    24) |  4 |      127.56        1104.12        1.004748
internal   11   43   (  47   46   42) |     10           (    2     4    12) |  3 |      104.02          23.54        0.021421
     tip    3   47   (  -1   -1   43) |      2[seq00003] (   -1    -1    10) |  2 |        0.00         104.02        0.094657
     tip    5   46   (  -1   -1   43) |      4[seq00005] (   -1    -1    10) |  3 |        0.00         104.02        0.094657
     tip    8   44   (  -1   -1   42) |      7[seq00008] (   -1    -1    12) |  4 |        0.00         127.56        0.116078
     tip    7   48   (  -1   -1   28) |      6[seq00007] (   -1    -1    28) |  3 |        0.00        1511.53        1.375493
internal   15   49   (  50   51   26) |     11           (    3     1    29) |  5 |      107.49        1741.77        1.585014
     tip    4   50   (  -1   -1   49) |      3[seq00004] (   -1    -1    11) |  2 |        0.00         107.49        0.097812
     tip    2   51   (  -1   -1   49) |      1[seq00002] (   -1    -1    11) |  1 |        0.00         107.49        0.097812
outgroup    9  157   (  -1   -1   26) |     31[outgroup] (   -1    -1    29) |  0 |        0.00         109.89        0.100000


Dataset_1 Fragment_3 [51-117]
-------------------- Nodes -------------------------
  class  label index (left right anc) | NetNode[info]       (left right anc) | deme |        time    time length   branch lenght
----------------------------------------------------------------------------------------------------------------------
    root   16   54   (  58   77   -1) |     28[root]     (   25     6    -1) |  7 |     1511.53           0.00        0.000000
internal   15   58   (  61   60   54) |     25           (   11    24    28) |  7 |     1275.31         236.22        0.214961
internal   10   61   (  62   63   58) |     11           (    3     1    25) |  5 |      107.49        1167.82        1.062720
     tip    4   62   (  -1   -1   61) |      3[seq00004] (   -1    -1    11) |  2 |        0.00         107.49        0.097812
     tip    2   63   (  -1   -1   61) |      1[seq00002] (   -1    -1    11) |  1 |        0.00         107.49        0.097812
internal   14   60   (  66   71   58) |     24           (   19    12    25) |  7 |     1231.68          43.63        0.039706
internal   11   66   (  69   68   60) |     19           (    0     5    24) |  7 |     1102.39         129.29        0.117654
     tip    1   69   (  -1   -1   66) |      0[seq00001] (   -1    -1    19) |  1 |        0.00        1102.39        1.003172
     tip    6   68   (  -1   -1   66) |      5[seq00006] (   -1    -1    19) |  3 |        0.00        1102.39        1.003172
internal   13   71   (  72   73   60) |     12           (   10     7    24) |  4 |      127.56        1104.12        1.004748
internal   12   72   (  76   75   71) |     10           (    2     4    12) |  3 |      104.02          23.54        0.021421
     tip    3   76   (  -1   -1   72) |      2[seq00003] (   -1    -1    10) |  2 |        0.00         104.02        0.094657
     tip    5   75   (  -1   -1   72) |      4[seq00005] (   -1    -1    10) |  3 |        0.00         104.02        0.094657
     tip    8   73   (  -1   -1   71) |      7[seq00008] (   -1    -1    12) |  4 |        0.00         127.56        0.116078
     tip    7   77   (  -1   -1   54) |      6[seq00007] (   -1    -1    28) |  3 |        0.00        1511.53        1.375493
outgroup    9  158   (  -1   -1   54) |     32[outgroup] (   -1    -1    28) |  0 |        0.00         109.89        0.100000


Dataset_1 Fragment_4 [118-133]
-------------------- Nodes -------------------------
  class  label index (left right anc) | NetNode[info]       (left right anc) | deme |        time    time length   branch lenght
----------------------------------------------------------------------------------------------------------------------
    root   16   80   (  81  103   -1) |     28[root]     (   27     6    -1) |  7 |     1511.53           0.00        0.000000
internal   15   81   (  85   89   80) |     27           (   19    25    28) |  7 |     1439.97          71.56        0.065124
internal   10   85   (  88   87   81) |     19           (    0     5    27) |  7 |     1102.39         337.58        0.307197
     tip    1   88   (  -1   -1   85) |      0[seq00001] (   -1    -1    19) |  1 |        0.00        1102.39        1.003172
     tip    6   87   (  -1   -1   85) |      5[seq00006] (   -1    -1    19) |  3 |        0.00        1102.39        1.003172
internal   14   89   (  92   97   81) |     25           (   11    12    27) |  7 |     1275.31         164.66        0.149837
internal   11   92   (  93   94   89) |     11           (    3     1    25) |  5 |      107.49        1167.82        1.062720
     tip    4   93   (  -1   -1   92) |      3[seq00004] (   -1    -1    11) |  2 |        0.00         107.49        0.097812
     tip    2   94   (  -1   -1   92) |      1[seq00002] (   -1    -1    11) |  1 |        0.00         107.49        0.097812
internal   13   97   (  98   99   89) |     12           (   10     7    25) |  4 |      127.56        1147.75        1.044454
internal   12   98   ( 102  101   97) |     10           (    2     4    12) |  3 |      104.02          23.54        0.021421
     tip    3  102   (  -1   -1   98) |      2[seq00003] (   -1    -1    10) |  2 |        0.00         104.02        0.094657
     tip    5  101   (  -1   -1   98) |      4[seq00005] (   -1    -1    10) |  3 |        0.00         104.02        0.094657
     tip    8   99   (  -1   -1   97) |      7[seq00008] (   -1    -1    12) |  4 |        0.00         127.56        0.116078
     tip    7  103   (  -1   -1   80) |      6[seq00007] (   -1    -1    28) |  3 |        0.00        1511.53        1.375493
outgroup    9  159   (  -1   -1   80) |     33[outgroup] (   -1    -1    28) |  0 |        0.00         109.89        0.100000


Dataset_1 Fragment_5 [134-137]
-------------------- Nodes -------------------------
  class  label index (left right anc) | NetNode[info]       (left right anc) | deme |        time    time length   branch lenght
----------------------------------------------------------------------------------------------------------------------
    root   16  106   ( 107  129   -1) |     28[root]     (   27     6    -1) |  7 |     1511.53           0.00        0.000000
internal   15  107   ( 111  117  106) |     27           (   19    25    28) |  7 |     1439.97          71.56        0.065124
internal   11  111   ( 112  113  107) |     19           (   15     5    27) |  7 |     1102.39         337.58        0.307197
internal   10  112   ( 116  115  111) |     15           (    2     0    19) |  7 |      750.49         351.90        0.320226
     tip    3  116   (  -1   -1  112) |      2[seq00003] (   -1    -1    15) |  2 |        0.00         750.49        0.682946
     tip    1  115   (  -1   -1  112) |      0[seq00001] (   -1    -1    15) |  1 |        0.00         750.49        0.682946
     tip    6  113   (  -1   -1  111) |      5[seq00006] (   -1    -1    19) |  3 |        0.00        1102.39        1.003172
internal   14  117   ( 120  125  107) |     25           (   11    12    27) |  7 |     1275.31         164.66        0.149837
internal   12  120   ( 121  122  117) |     11           (    3     1    25) |  5 |      107.49        1167.82        1.062720
     tip    4  121   (  -1   -1  120) |      3[seq00004] (   -1    -1    11) |  2 |        0.00         107.49        0.097812
     tip    2  122   (  -1   -1  120) |      1[seq00002] (   -1    -1    11) |  1 |        0.00         107.49        0.097812
internal   13  125   ( 128  127  117) |     12           (    4     7    25) |  4 |      127.56        1147.75        1.044454
     tip    5  128   (  -1   -1  125) |      4[seq00005] (   -1    -1    12) |  3 |        0.00         127.56        0.116078
     tip    8  127   (  -1   -1  125) |      7[seq00008] (   -1    -1    12) |  4 |        0.00         127.56        0.116078
     tip    7  129   (  -1   -1  106) |      6[seq00007] (   -1    -1    28) |  3 |        0.00        1511.53        1.375493
outgroup    9  160   (  -1   -1  106) |     34[outgroup] (   -1    -1    28) |  0 |        0.00         109.89        0.100000


Dataset_1 Fragment_6 [138-150]
-------------------- Nodes -------------------------
  class  label index (left right anc) | NetNode[info]       (left right anc) | deme |        time    time length   branch lenght
----------------------------------------------------------------------------------------------------------------------
    root   16  132   ( 133  154   -1) |     28[root]     (   27     6    -1) |  7 |     1511.53           0.00        0.000000
internal   15  133   ( 137  136  132) |     27           (   19    26    28) |  7 |     1439.97          71.56        0.065124
internal   11  137   ( 138  139  133) |     19           (   15     5    27) |  7 |     1102.39         337.58        0.307197
internal   10  138   ( 142  141  137) |     15           (    2     0    19) |  7 |      750.49         351.90        0.320226
     tip    3  142   (  -1   -1  138) |      2[seq00003] (   -1    -1    15) |  2 |        0.00         750.49        0.682946
     tip    1  141   (  -1   -1  138) |      0[seq00001] (   -1    -1    15) |  1 |        0.00         750.49        0.682946
     tip    6  139   (  -1   -1  137) |      5[seq00006] (   -1    -1    19) |  3 |        0.00        1102.39        1.003172
internal   14  136   ( 146  150  133) |     26           (   11    12    27) |  7 |     1289.51         150.46        0.136918
internal   12  146   ( 147  148  136) |     11           (    3     1    26) |  5 |      107.49        1182.02        1.075638
     tip    4  147   (  -1   -1  146) |      3[seq00004] (   -1    -1    11) |  2 |        0.00         107.49        0.097812
     tip    2  148   (  -1   -1  146) |      1[seq00002] (   -1    -1    11) |  1 |        0.00         107.49        0.097812
internal   13  150   ( 153  152  136) |     12           (    4     7    26) |  4 |      127.56        1161.95        1.057373
     tip    5  153   (  -1   -1  150) |      4[seq00005] (   -1    -1    12) |  3 |        0.00         127.56        0.116078
     tip    8  152   (  -1   -1  150) |      7[seq00008] (   -1    -1    12) |  4 |        0.00         127.56        0.116078
     tip    7  154   (  -1   -1  132) |      6[seq00007] (   -1    -1    28) |  3 |        0.00        1511.53        1.375493
outgroup    9  161   (  -1   -1  132) |     35[outgroup] (   -1    -1    28) |  0 |        0.00         109.89        0.100000


Dataset_2 Fragment_1 [1-5]
-------------------- Nodes -------------------------
  class  label index (left right anc) | NetNode[info]       (left right anc) | deme |        time    time length   branch lenght
----------------------------------------------------------------------------------------------------------------------
    root   16    4   (  13   15   -1) |     37[root]     (    5    24    -1) |  7 |     3214.03           0.00        0.000000
     tip    6   13   (  -1   -1    4) |      5[seq00006] (   -1    -1    37) |  3 |        0.00        3214.03        2.924765
internal   15   15   (  18   17    4) |     24           (   14    23    37) |  7 |     1628.50        1585.53        1.442834
internal   12   18   (  19   20   15) |     14           (   12    13    24) |  6 |      300.95        1327.54        1.208066
internal   10   19   (  21   22   18) |     12           (    6     4    14) |  3 |      138.67         162.29        0.147680
     tip    7   21   (  -1   -1   19) |      6[seq00007] (   -1    -1    12) |  3 |        0.00         138.67        0.126186
     tip    5   22   (  -1   -1   19) |      4[seq00005] (   -1    -1    12) |  3 |        0.00         138.67        0.126186
internal   11   20   (  23   24   18) |     13           (    3     7    14) |  4 |      145.54         155.41        0.141423
     tip    4   23   (  -1   -1   20) |      3[seq00004] (   -1    -1    13) |  2 |        0.00         145.54        0.132443
     tip    8   24   (  -1   -1   20) |      7[seq00008] (   -1    -1    13) |  4 |        0.00         145.54        0.132443
internal   14   17   (  25   33   15) |     23           (   18     0    24) |  7 |     1270.51         357.99        0.325769
internal   13   25   (  30   31   17) |     18           (    2     1    23) |  7 |      560.84         709.67        0.645800
     tip    3   30   (  -1   -1   25) |      2[seq00003] (   -1    -1    18) |  2 |        0.00         560.84        0.510363
     tip    2   31   (  -1   -1   25) |      1[seq00002] (   -1    -1    18) |  1 |        0.00         560.84        0.510363
     tip    1   33   (  -1   -1   17) |      0[seq00001] (   -1    -1    23) |  1 |        0.00        1270.51        1.156162
outgroup    9  315   (  -1   -1    4) |     42[outgroup] (   -1    -1    37) |  0 |        0.00         109.89        0.100000


Dataset_2 Fragment_2 [6-9]
-------------------- Nodes -------------------------
  class  label index (left right anc) | NetNode[info]       (left right anc) | deme |        time    time length   branch lenght
----------------------------------------------------------------------------------------------------------------------
    root   16   38   (  47   49   -1) |     37[root]     (    5    24    -1) |  7 |     3214.03           0.00        0.000000
     tip    6   47   (  -1   -1   38) |      5[seq00006] (   -1    -1    37) |  3 |        0.00        3214.03        2.924765
internal   15   49   (  52   51   38) |     24           (   14    23    37) |  7 |     1628.50        1585.53        1.442834
internal   12   52   (  53   54   49) |     14           (   12    13    24) |  6 |      300.95        1327.54        1.208066
internal   10   53   (  55   56   52) |     12           (    6     4    14) |  3 |      138.67         162.29        0.147680
     tip    7   55   (  -1   -1   53) |      6[seq00007] (   -1    -1    12) |  3 |        0.00         138.67        0.126186
     tip    5   56   (  -1   -1   53) |      4[seq00005] (   -1    -1    12) |  3 |        0.00         138.67        0.126186
internal   11   54   (  57   58   52) |     13           (    3     7    14) |  4 |      145.54         155.41        0.141423
     tip    4   57   (  -1   -1   54) |      3[seq00004] (   -1    -1    13) |  2 |        0.00         145.54        0.132443
     tip    8   58   (  -1   -1   54) |      7[seq00008] (   -1    -1    13) |  4 |        0.00         145.54        0.132443
internal   14   51   (  59   67   49) |     23           (   18     0    24) |  7 |     1270.51         357.99        0.325769
internal   13   59   (  64   65   51) |     18           (    2     1    23) |  7 |      560.84         709.67        0.645800
     tip    3   64   (  -1   -1   59) |      2[seq00003] (   -1    -1    18) |  2 |        0.00         560.84        0.510363
     tip    2   65   (  -1   -1   59) |      1[seq00002] (   -1    -1    18) |  1 |        0.00         560.84        0.510363
     tip    1   67   (  -1   -1   51) |      0[seq00001] (   -1    -1    23) |  1 |        0.00        1270.51        1.156162
outgroup    9  316   (  -1   -1   38) |     43[outgroup] (   -1    -1    37) |  0 |        0.00         109.89        0.100000


Dataset_2 Fragment_3 [10-10]
-------------------- Nodes -------------------------
  class  label index (left right anc) | NetNode[info]       (left right anc) | deme |        time    time length   branch lenght
----------------------------------------------------------------------------------------------------------------------
    root   16   70   (  76  101   -1) |     40[root]     (   24     5    -1) |  7 |     3472.31           0.00        0.000000
internal   15   76   (  79   78   70) |     24           (   14    23    40) |  7 |     1628.50        1843.81        1.677868
internal   12   79   (  80   81   76) |     14           (   12    13    24) |  6 |      300.95        1327.54        1.208066
internal   10   80   (  82   83   79) |     12           (    6     4    14) |  3 |      138.67         162.29        0.147680
     tip    7   82   (  -1   -1   80) |      6[seq00007] (   -1    -1    12) |  3 |        0.00         138.67        0.126186
     tip    5   83   (  -1   -1   80) |      4[seq00005] (   -1    -1    12) |  3 |        0.00         138.67        0.126186
internal   11   81   (  84   85   79) |     13           (    3     7    14) |  4 |      145.54         155.41        0.141423
     tip    4   84   (  -1   -1   81) |      3[seq00004] (   -1    -1    13) |  2 |        0.00         145.54        0.132443
     tip    8   85   (  -1   -1   81) |      7[seq00008] (   -1    -1    13) |  4 |        0.00         145.54        0.132443
internal   14   78   (  86   94   76) |     23           (   18     0    24) |  7 |     1270.51         357.99        0.325769
internal   13   86   (  91   92   78) |     18           (    2     1    23) |  7 |      560.84         709.67        0.645800
     tip    3   91   (  -1   -1   86) |      2[seq00003] (   -1    -1    18) |  2 |        0.00         560.84        0.510363
     tip    2   92   (  -1   -1   86) |      1[seq00002] (   -1    -1    18) |  1 |        0.00         560.84        0.510363
     tip    1   94   (  -1   -1   78) |      0[seq00001] (   -1    -1    23) |  1 |        0.00        1270.51        1.156162
     tip    6  101   (  -1   -1   70) |      5[seq00006] (   -1    -1    40) |  3 |        0.00        3472.31        3.159799
outgroup    9  317   (  -1   -1   70) |     44[outgroup] (   -1    -1    40) |  0 |        0.00         109.89        0.100000


Dataset_2 Fragment_4 [11-12]
-------------------- Nodes -------------------------
  class  label index (left right anc) | NetNode[info]       (left right anc) | deme |        time    time length   branch lenght
----------------------------------------------------------------------------------------------------------------------
    root   16  102   ( 109  135   -1) |     41[root]     (   24     5    -1) |  7 |     3890.65           0.00        0.000000
internal   15  109   ( 112  111  102) |     24           (   14    23    41) |  7 |     1628.50        2262.15        2.058560
internal   12  112   ( 113  114  109) |     14           (   12    13    24) |  6 |      300.95        1327.54        1.208066
internal   10  113   ( 115  116  112) |     12           (    6     4    14) |  3 |      138.67         162.29        0.147680
     tip    7  115   (  -1   -1  113) |      6[seq00007] (   -1    -1    12) |  3 |        0.00         138.67        0.126186
     tip    5  116   (  -1   -1  113) |      4[seq00005] (   -1    -1    12) |  3 |        0.00         138.67        0.126186
internal   11  114   ( 117  118  112) |     13           (    3     7    14) |  4 |      145.54         155.41        0.141423
     tip    4  117   (  -1   -1  114) |      3[seq00004] (   -1    -1    13) |  2 |        0.00         145.54        0.132443
     tip    8  118   (  -1   -1  114) |      7[seq00008] (   -1    -1    13) |  4 |        0.00         145.54        0.132443
internal   14  111   ( 119  127  109) |     23           (   18     0    24) |  7 |     1270.51         357.99        0.325769
internal   13  119   ( 124  125  111) |     18           (    2     1    23) |  7 |      560.84         709.67        0.645800
     tip    3  124   (  -1   -1  119) |      2[seq00003] (   -1    -1    18) |  2 |        0.00         560.84        0.510363
     tip    2  125   (  -1   -1  119) |      1[seq00002] (   -1    -1    18) |  1 |        0.00         560.84        0.510363
     tip    1  127   (  -1   -1  111) |      0[seq00001] (   -1    -1    23) |  1 |        0.00        1270.51        1.156162
     tip    6  135   (  -1   -1  102) |      5[seq00006] (   -1    -1    41) |  3 |        0.00        3890.65        3.540491
outgroup    9  318   (  -1   -1  102) |     45[outgroup] (   -1    -1    41) |  0 |        0.00         109.89        0.100000


Dataset_2 Fragment_5 [13-15]
-------------------- Nodes -------------------------
  class  label index (left right anc) | NetNode[info]       (left right anc) | deme |        time    time length   branch lenght
----------------------------------------------------------------------------------------------------------------------
    root   16  136   ( 143  168   -1) |     41[root]     (   24     5    -1) |  7 |     3890.65           0.00        0.000000
internal   15  143   ( 146  145  136) |     24           (   14    23    41) |  7 |     1628.50        2262.15        2.058560
internal   12  146   ( 147  148  143) |     14           (   12    13    24) |  6 |      300.95        1327.54        1.208066
internal   10  147   ( 149  150  146) |     12           (    6     4    14) |  3 |      138.67         162.29        0.147680
     tip    7  149   (  -1   -1  147) |      6[seq00007] (   -1    -1    12) |  3 |        0.00         138.67        0.126186
     tip    5  150   (  -1   -1  147) |      4[seq00005] (   -1    -1    12) |  3 |        0.00         138.67        0.126186
internal   11  148   ( 151  152  146) |     13           (    3     7    14) |  4 |      145.54         155.41        0.141423
     tip    4  151   (  -1   -1  148) |      3[seq00004] (   -1    -1    13) |  2 |        0.00         145.54        0.132443
     tip    8  152   (  -1   -1  148) |      7[seq00008] (   -1    -1    13) |  4 |        0.00         145.54        0.132443
internal   14  145   ( 153  161  143) |     23           (   18     0    24) |  7 |     1270.51         357.99        0.325769
internal   13  153   ( 158  159  145) |     18           (    2     1    23) |  7 |      560.84         709.67        0.645800
     tip    3  158   (  -1   -1  153) |      2[seq00003] (   -1    -1    18) |  2 |        0.00         560.84        0.510363
     tip    2  159   (  -1   -1  153) |      1[seq00002] (   -1    -1    18) |  1 |        0.00         560.84        0.510363
     tip    1  161   (  -1   -1  145) |      0[seq00001] (   -1    -1    23) |  1 |        0.00        1270.51        1.156162
     tip    6  168   (  -1   -1  136) |      5[seq00006] (   -1    -1    41) |  3 |        0.00        3890.65        3.540491
outgroup    9  319   (  -1   -1  136) |     46[outgroup] (   -1    -1    41) |  0 |        0.00         109.89        0.100000


Dataset_2 Fragment_6 [16-20]
-------------------- Nodes -------------------------
  class  label index (left right anc) | NetNode[info]       (left right anc) | deme |        time    time length   branch lenght
----------------------------------------------------------------------------------------------------------------------
    root   16  173   ( 179  182   -1) |     34[root]     (    5    24    -1) |  7 |     2643.99           0.00        0.000000
     tip    6  179   (  -1   -1  173) |      5[seq00006] (   -1    -1    34) |  3 |        0.00        2643.99        2.406029
internal   15  182   ( 185  184  173) |     24           (   14    23    34) |  7 |     1628.50        1015.49        0.924097
internal   12  185   ( 186  187  182) |     14           (   12    13    24) |  6 |      300.95        1327.54        1.208066
internal   10  186   ( 188  189  185) |     12           (    6     4    14) |  3 |      138.67         162.29        0.147680
     tip    7  188   (  -1   -1  186) |      6[seq00007] (   -1    -1    12) |  3 |        0.00         138.67        0.126186
     tip    5  189   (  -1   -1  186) |      4[seq00005] (   -1    -1    12) |  3 |        0.00         138.67        0.126186
internal   11  187   ( 190  191  185) |     13           (    3     7    14) |  4 |      145.54         155.41        0.141423
     tip    4  190   (  -1   -1  187) |      3[seq00004] (   -1    -1    13) |  2 |        0.00         145.54        0.132443
     tip    8  191   (  -1   -1  187) |      7[seq00008] (   -1    -1    13) |  4 |        0.00         145.54        0.132443
internal   14  184   ( 192  200  182) |     23           (   18     0    24) |  7 |     1270.51         357.99        0.325769
internal   13  192   ( 197  198  184) |     18           (    2     1    23) |  7 |      560.84         709.67        0.645800
     tip    3  197   (  -1   -1  192) |      2[seq00003] (   -1    -1    18) |  2 |        0.00         560.84        0.510363
     tip    2  198   (  -1   -1  192) |      1[seq00002] (   -1    -1    18) |  1 |        0.00         560.84        0.510363
     tip    1  200   (  -1   -1  184) |      0[seq00001] (   -1    -1    23) |  1 |        0.00        1270.51        1.156162
outgroup    9  320   (  -1   -1  173) |     47[outgroup] (   -1    -1    34) |  0 |        0.00         109.89        0.100000


Dataset_2 Fragment_7 [21-29]
-------------------- Nodes -------------------------
  class  label index (left right anc) | NetNode[info]       (left right anc) | deme |        time    time length   branch lenght
----------------------------------------------------------------------------------------------------------------------
    root   16  208   ( 211  210   -1) |     25[root]     (    5    24    -1) |  7 |     1836.48           0.00        0.000000
     tip    6  211   (  -1   -1  208) |      5[seq00006] (   -1    -1    25) |  3 |        0.00        1836.48        1.671198
internal   15  210   ( 214  213  208) |     24           (   14    23    25) |  7 |     1628.50         207.99        0.189267
internal   12  214   ( 215  216  210) |     14           (   12    13    24) |  6 |      300.95        1327.54        1.208066
internal   10  215   ( 217  218  214) |     12           (    6     4    14) |  3 |      138.67         162.29        0.147680
     tip    7  217   (  -1   -1  215) |      6[seq00007] (   -1    -1    12) |  3 |        0.00         138.67        0.126186
     tip    5  218   (  -1   -1  215) |      4[seq00005] (   -1    -1    12) |  3 |        0.00         138.67        0.126186
internal   11  216   ( 219  220  214) |     13           (    3     7    14) |  4 |      145.54         155.41        0.141423
     tip    4  219   (  -1   -1  216) |      3[seq00004] (   -1    -1    13) |  2 |        0.00         145.54        0.132443
     tip    8  220   (  -1   -1  216) |      7[seq00008] (   -1    -1    13) |  4 |        0.00         145.54        0.132443
internal   14  213   ( 221  229  210) |     23           (   18     0    24) |  7 |     1270.51         357.99        0.325769
internal   13  221   ( 226  227  213) |     18           (    2     1    23) |  7 |      560.84         709.67        0.645800
     tip    3  226   (  -1   -1  221) |      2[seq00003] (   -1    -1    18) |  2 |        0.00         560.84        0.510363
     tip    2  227   (  -1   -1  221) |      1[seq00002] (   -1    -1    18) |  1 |        0.00         560.84        0.510363
     tip    1  229   (  -1   -1  213) |      0[seq00001] (   -1    -1    23) |  1 |        0.00        1270.51        1.156162
outgroup    9  321   (  -1   -1  208) |     48[outgroup] (   -1    -1    25) |  0 |        0.00         109.89        0.100000


Dataset_2 Fragment_8 [30-45]
-------------------- Nodes -------------------------
  class  label index (left right anc) | NetNode[info]       (left right anc) | deme |        time    time length   branch lenght
----------------------------------------------------------------------------------------------------------------------
    root   16  237   ( 240  239   -1) |     25[root]     (    5    24    -1) |  7 |     1836.48           0.00        0.000000
     tip    6  240   (  -1   -1  237) |      5[seq00006] (   -1    -1    25) |  3 |        0.00        1836.48        1.671198
internal   15  239   ( 243  242  237) |     24           (   14    23    25) |  7 |     1628.50         207.99        0.189267
internal   12  243   ( 244  245  239) |     14           (   12    13    24) |  6 |      300.95        1327.54        1.208066
internal   10  244   ( 246  247  243) |     12           (    6     4    14) |  3 |      138.67         162.29        0.147680
     tip    7  246   (  -1   -1  244) |      6[seq00007] (   -1    -1    12) |  3 |        0.00         138.67        0.126186
     tip    5  247   (  -1   -1  244) |      4[seq00005] (   -1    -1    12) |  3 |        0.00         138.67        0.126186
internal   11  245   ( 248  249  243) |     13           (    3     7    14) |  4 |      145.54         155.41        0.141423
     tip    4  248   (  -1   -1  245) |      3[seq00004] (   -1    -1    13) |  2 |        0.00         145.54        0.132443
     tip    8  249   (  -1   -1  245) |      7[seq00008] (   -1    -1    13) |  4 |        0.00         145.54        0.132443
internal   14  242   ( 253  251  239) |     23           (    1    20    24) |  7 |     1270.51         357.99        0.325769
     tip    2  253   (  -1   -1  242) |      1[seq00002] (   -1    -1    23) |  1 |        0.00        1270.51        1.156162
internal   13  251   ( 256  258  242) |     20           (    0     2    23) |  7 |      802.94         467.57        0.425485
     tip    1  256   (  -1   -1  251) |      0[seq00001] (   -1    -1    20) |  1 |        0.00         802.94        0.730677
     tip    3  258   (  -1   -1  251) |      2[seq00003] (   -1    -1    20) |  2 |        0.00         802.94        0.730677
outgroup    9  322   (  -1   -1  237) |     49[outgroup] (   -1    -1    25) |  0 |        0.00         109.89        0.100000


Dataset_2 Fragment_9 [46-83]
-------------------- Nodes -------------------------
  class  label index (left right anc) | NetNode[info]       (left right anc) | deme |        time    time length   branch lenght
----------------------------------------------------------------------------------------------------------------------
    root   16  266   ( 269  268   -1) |     25[root]     (    5    24    -1) |  7 |     1836.48           0.00        0.000000
     tip    6  269   (  -1   -1  266) |      5[seq00006] (   -1    -1    25) |  3 |        0.00        1836.48        1.671198
internal   15  268   ( 270  271  266) |     24           (   19    23    25) |  7 |     1628.50         207.99        0.189267
internal   13  270   ( 274  273  268) |     19           (    2    14    24) |  7 |      644.94         983.56        0.895039
     tip    3  274   (  -1   -1  270) |      2[seq00003] (   -1    -1    19) |  2 |        0.00         644.94        0.586892
internal   12  273   ( 275  276  270) |     14           (   12    13    19) |  6 |      300.95         343.99        0.313026
internal   10  275   ( 277  278  273) |     12           (    6     4    14) |  3 |      138.67         162.29        0.147680
     tip    7  277   (  -1   -1  275) |      6[seq00007] (   -1    -1    12) |  3 |        0.00         138.67        0.126186
     tip    5  278   (  -1   -1  275) |      4[seq00005] (   -1    -1    12) |  3 |        0.00         138.67        0.126186
internal   11  276   ( 279  280  273) |     13           (    3     7    14) |  4 |      145.54         155.41        0.141423
     tip    4  279   (  -1   -1  276) |      3[seq00004] (   -1    -1    13) |  2 |        0.00         145.54        0.132443
     tip    8  280   (  -1   -1  276) |      7[seq00008] (   -1    -1    13) |  4 |        0.00         145.54        0.132443
internal   14  271   ( 284  286  268) |     23           (    1     0    24) |  7 |     1270.51         357.99        0.325769
     tip    2  284   (  -1   -1  271) |      1[seq00002] (   -1    -1    23) |  1 |        0.00        1270.51        1.156162
     tip    1  286   (  -1   -1  271) |      0[seq00001] (   -1    -1    23) |  1 |        0.00        1270.51        1.156162
outgroup    9  323   (  -1   -1  266) |     50[outgroup] (   -1    -1    25) |  0 |        0.00         109.89        0.100000


Dataset_2 Fragment_10 [84-150]
-------------------- Nodes -------------------------
  class  label index (left right anc) | NetNode[info]       (left right anc) | deme |        time    time length   branch lenght
----------------------------------------------------------------------------------------------------------------------
    root   16  294   ( 297  296   -1) |     25[root]     (    5    24    -1) |  7 |     1836.48           0.00        0.000000
     tip    6  297   (  -1   -1  294) |      5[seq00006] (   -1    -1    25) |  3 |        0.00        1836.48        1.671198
internal   15  296   ( 298  310  294) |     24           (   19    15    25) |  7 |     1628.50         207.99        0.189267
internal   13  298   ( 302  301  296) |     19           (    2    14    24) |  7 |      644.94         983.56        0.895039
     tip    3  302   (  -1   -1  298) |      2[seq00003] (   -1    -1    19) |  2 |        0.00         644.94        0.586892
internal   12  301   ( 303  304  298) |     14           (   12    13    19) |  6 |      300.95         343.99        0.313026
internal   10  303   ( 305  306  301) |     12           (    6     4    14) |  3 |      138.67         162.29        0.147680
     tip    7  305   (  -1   -1  303) |      6[seq00007] (   -1    -1    12) |  3 |        0.00         138.67        0.126186
     tip    5  306   (  -1   -1  303) |      4[seq00005] (   -1    -1    12) |  3 |        0.00         138.67        0.126186
internal   11  304   ( 307  308  301) |     13           (    3     7    14) |  4 |      145.54         155.41        0.141423
     tip    4  307   (  -1   -1  304) |      3[seq00004] (   -1    -1    13) |  2 |        0.00         145.54        0.132443
     tip    8  308   (  -1   -1  304) |      7[seq00008] (   -1    -1    13) |  4 |        0.00         145.54        0.132443
internal   14  310   ( 313  312  296) |     15           (    1     0    24) |  5 |      484.56        1143.94        1.040983
     tip    2  313   (  -1   -1  310) |      1[seq00002] (   -1    -1    15) |  1 |        0.00         484.56        0.440948
     tip    1  312   (  -1   -1  310) |      0[seq00001] (   -1    -1    15) |  1 |        0.00         484.56        0.440948
outgroup    9  324   (  -1   -1  294) |     51[outgroup] (   -1    -1    25) |  0 |        0.00         109.89        0.100000
