

Dataset_1 Fragment_1 [1-14]
----------------- Nodes -------------------
  class  label index (left right anc) | NetNode[info]       (left right anc) |        time    time length   branch lenght
---------------------------------------------------------------------------------------------------------------
    root    16     1 (   5    3   -1) |     38[root]     (   14    37    -1) |      890.20           0.00        0.000000
internal    10     5 (   8    7    1) |     14           (    7     0    38) |      146.61         743.59        0.156154
     tip     8     8 (  -1   -1    5) |      7[seq00008] (   -1    -1    14) |        0.00         146.61        0.030787
     tip     1     7 (  -1   -1    5) |      0[seq00001] (   -1    -1    14) |        0.00         146.61        0.030787
internal    15     3 (  15   23    1) |     37           (   15    22    38) |      889.95           0.24        0.000051
internal    12    15 (  16   17    3) |     15           (   13     6    37) |      146.91         743.04        0.156038
internal    11    16 (  18   19   15) |     13           (    2     3    15) |      140.94           5.97        0.001255
     tip     3    18 (  -1   -1   16) |      2[seq00003] (   -1    -1    13) |        0.00         140.94        0.029597
     tip     4    19 (  -1   -1   16) |      3[seq00004] (   -1    -1    13) |        0.00         140.94        0.029597
     tip     7    17 (  -1   -1   15) |      6[seq00007] (   -1    -1    15) |        0.00         146.91        0.030852
internal    14    23 (  24   31    3) |     22           (    8     4    37) |      298.01         591.94        0.124308
internal    13    24 (  26   27   23) |      8           (    1     5    22) |       18.54         279.47        0.058689
     tip     2    26 (  -1   -1   24) |      1[seq00002] (   -1    -1     8) |        0.00          18.54        0.003893
     tip     6    27 (  -1   -1   24) |      5[seq00006] (   -1    -1     8) |        0.00          18.54        0.003893
     tip     5    31 (  -1   -1   23) |      4[seq00005] (   -1    -1    22) |        0.00         298.01        0.062582
outgroup     9   274 (  -1   -1    1) |     39[outgroup] (   -1    -1    38) |        0.00         476.19        0.100000


Dataset_1 Fragment_2 [15-173]
----------------- Nodes -------------------
  class  label index (left right anc) | NetNode[info]       (left right anc) |        time    time length   branch lenght
---------------------------------------------------------------------------------------------------------------
    root    16    32 (  37   42   -1) |     38[root]     (   14    33    -1) |      890.20           0.00        0.000000
internal    10    37 (  40   39   32) |     14           (    7     0    38) |      146.61         743.59        0.156154
     tip     8    40 (  -1   -1   37) |      7[seq00008] (   -1    -1    14) |        0.00         146.61        0.030787
     tip     1    39 (  -1   -1   37) |      0[seq00001] (   -1    -1    14) |        0.00         146.61        0.030787
internal    15    42 (  48   59   32) |     33           (   22    15    38) |      835.94          54.25        0.011393
internal    12    48 (  49   56   42) |     22           (    8     4    33) |      298.01         537.93        0.112966
internal    11    49 (  51   52   48) |      8           (    1     5    22) |       18.54         279.47        0.058689
     tip     2    51 (  -1   -1   49) |      1[seq00002] (   -1    -1     8) |        0.00          18.54        0.003893
     tip     6    52 (  -1   -1   49) |      5[seq00006] (   -1    -1     8) |        0.00          18.54        0.003893
     tip     5    56 (  -1   -1   48) |      4[seq00005] (   -1    -1    22) |        0.00         298.01        0.062582
internal    14    59 (  60   61   42) |     15           (   13     6    33) |      146.91         689.03        0.144696
internal    13    60 (  62   63   59) |     13           (    2     3    15) |      140.94           5.97        0.001255
     tip     3    62 (  -1   -1   60) |      2[seq00003] (   -1    -1    13) |        0.00         140.94        0.029597
     tip     4    63 (  -1   -1   60) |      3[seq00004] (   -1    -1    13) |        0.00         140.94        0.029597
     tip     7    61 (  -1   -1   59) |      6[seq00007] (   -1    -1    15) |        0.00         146.91        0.030852
outgroup     9   275 (  -1   -1   32) |     40[outgroup] (   -1    -1    38) |        0.00         476.19        0.100000


Dataset_1 Fragment_3 [174-217]
----------------- Nodes -------------------
  class  label index (left right anc) | NetNode[info]       (left right anc) |        time    time length   branch lenght
---------------------------------------------------------------------------------------------------------------
    root    16    64 (  69   76   -1) |     38[root]     (   14    30    -1) |      890.20           0.00        0.000000
internal    10    69 (  72   71   64) |     14           (    7     0    38) |      146.61         743.59        0.156154
     tip     8    72 (  -1   -1   69) |      7[seq00008] (   -1    -1    14) |        0.00         146.61        0.030787
     tip     1    71 (  -1   -1   69) |      0[seq00001] (   -1    -1    14) |        0.00         146.61        0.030787
internal    15    76 (  81   87   64) |     30           (   15    22    38) |      802.84          87.36        0.018345
internal    12    81 (  82   83   76) |     15           (   13     6    30) |      146.91         655.92        0.137744
internal    11    82 (  84   85   81) |     13           (    2     3    15) |      140.94           5.97        0.001255
     tip     3    84 (  -1   -1   82) |      2[seq00003] (   -1    -1    13) |        0.00         140.94        0.029597
     tip     4    85 (  -1   -1   82) |      3[seq00004] (   -1    -1    13) |        0.00         140.94        0.029597
     tip     7    83 (  -1   -1   81) |      6[seq00007] (   -1    -1    15) |        0.00         146.91        0.030852
internal    14    87 (  88   95   76) |     22           (    8     4    30) |      298.01         504.83        0.106014
internal    13    88 (  90   91   87) |      8           (    1     5    22) |       18.54         279.47        0.058689
     tip     2    90 (  -1   -1   88) |      1[seq00002] (   -1    -1     8) |        0.00          18.54        0.003893
     tip     6    91 (  -1   -1   88) |      5[seq00006] (   -1    -1     8) |        0.00          18.54        0.003893
     tip     5    95 (  -1   -1   87) |      4[seq00005] (   -1    -1    22) |        0.00         298.01        0.062582
outgroup     9   276 (  -1   -1   64) |     41[outgroup] (   -1    -1    38) |        0.00         476.19        0.100000


Dataset_1 Fragment_4 [218-254]
----------------- Nodes -------------------
  class  label index (left right anc) | NetNode[info]       (left right anc) |        time    time length   branch lenght
---------------------------------------------------------------------------------------------------------------
    root    16    96 ( 101  109   -1) |     38[root]     (   14    29    -1) |      890.20           0.00        0.000000
internal    10   101 ( 104  103   96) |     14           (    7     0    38) |      146.61         743.59        0.156154
     tip     8   104 (  -1   -1  101) |      7[seq00008] (   -1    -1    14) |        0.00         146.61        0.030787
     tip     1   103 (  -1   -1  101) |      0[seq00001] (   -1    -1    14) |        0.00         146.61        0.030787
internal    15   109 ( 113  118   96) |     29           (   15    22    38) |      413.14         477.06        0.100183
internal    12   113 ( 114  115  109) |     15           (   13     6    29) |      146.91         266.22        0.055907
internal    11   114 ( 116  117  113) |     13           (    2     3    15) |      140.94           5.97        0.001255
     tip     3   116 (  -1   -1  114) |      2[seq00003] (   -1    -1    13) |        0.00         140.94        0.029597
     tip     4   117 (  -1   -1  114) |      3[seq00004] (   -1    -1    13) |        0.00         140.94        0.029597
     tip     7   115 (  -1   -1  113) |      6[seq00007] (   -1    -1    15) |        0.00         146.91        0.030852
internal    14   118 ( 119  126  109) |     22           (    8     4    29) |      298.01         115.13        0.024176
internal    13   119 ( 121  122  118) |      8           (    1     5    22) |       18.54         279.47        0.058689
     tip     2   121 (  -1   -1  119) |      1[seq00002] (   -1    -1     8) |        0.00          18.54        0.003893
     tip     6   122 (  -1   -1  119) |      5[seq00006] (   -1    -1     8) |        0.00          18.54        0.003893
     tip     5   126 (  -1   -1  118) |      4[seq00005] (   -1    -1    22) |        0.00         298.01        0.062582
outgroup     9   277 (  -1   -1   96) |     42[outgroup] (   -1    -1    38) |        0.00         476.19        0.100000


Dataset_1 Fragment_5 [255-350]
----------------- Nodes -------------------
  class  label index (left right anc) | NetNode[info]       (left right anc) |        time    time length   branch lenght
---------------------------------------------------------------------------------------------------------------
    root    16   127 ( 132  140   -1) |     38[root]     (   14    29    -1) |      890.20           0.00        0.000000
internal    10   132 ( 135  134  127) |     14           (    7     0    38) |      146.61         743.59        0.156154
     tip     8   135 (  -1   -1  132) |      7[seq00008] (   -1    -1    14) |        0.00         146.61        0.030787
     tip     1   134 (  -1   -1  132) |      0[seq00001] (   -1    -1    14) |        0.00         146.61        0.030787
internal    15   140 ( 143  152  127) |     29           (   19     8    38) |      413.14         477.06        0.100183
internal    13   143 ( 146  145  140) |     19           (    4    15    29) |      224.66         188.47        0.039579
     tip     5   146 (  -1   -1  143) |      4[seq00005] (   -1    -1    19) |        0.00         224.66        0.047179
internal    12   145 ( 147  148  143) |     15           (   13     6    19) |      146.91          77.75        0.016328
internal    11   147 ( 149  150  145) |     13           (    2     3    15) |      140.94           5.97        0.001255
     tip     3   149 (  -1   -1  147) |      2[seq00003] (   -1    -1    13) |        0.00         140.94        0.029597
     tip     4   150 (  -1   -1  147) |      3[seq00004] (   -1    -1    13) |        0.00         140.94        0.029597
     tip     7   148 (  -1   -1  145) |      6[seq00007] (   -1    -1    15) |        0.00         146.91        0.030852
internal    14   152 ( 153  154  140) |      8           (    1     5    29) |       18.54         394.60        0.082865
     tip     2   153 (  -1   -1  152) |      1[seq00002] (   -1    -1     8) |        0.00          18.54        0.003893
     tip     6   154 (  -1   -1  152) |      5[seq00006] (   -1    -1     8) |        0.00          18.54        0.003893
outgroup     9   278 (  -1   -1  127) |     43[outgroup] (   -1    -1    38) |        0.00         476.19        0.100000


Dataset_1 Fragment_6 [351-360]
----------------- Nodes -------------------
  class  label index (left right anc) | NetNode[info]       (left right anc) |        time    time length   branch lenght
---------------------------------------------------------------------------------------------------------------
    root    16   155 ( 160  168   -1) |     38[root]     (   14    29    -1) |      890.20           0.00        0.000000
internal    10   160 ( 163  162  155) |     14           (    7     0    38) |      146.61         743.59        0.156154
     tip     8   163 (  -1   -1  160) |      7[seq00008] (   -1    -1    14) |        0.00         146.61        0.030787
     tip     1   162 (  -1   -1  160) |      0[seq00001] (   -1    -1    14) |        0.00         146.61        0.030787
internal    15   168 ( 171  180  155) |     29           (   19     8    38) |      413.14         477.06        0.100183
internal    13   171 ( 174  173  168) |     19           (    4    15    29) |      224.66         188.47        0.039579
     tip     5   174 (  -1   -1  171) |      4[seq00005] (   -1    -1    19) |        0.00         224.66        0.047179
internal    12   173 ( 175  176  171) |     15           (   13     6    19) |      146.91          77.75        0.016328
internal    11   175 ( 177  178  173) |     13           (    2     3    15) |      140.94           5.97        0.001255
     tip     3   177 (  -1   -1  175) |      2[seq00003] (   -1    -1    13) |        0.00         140.94        0.029597
     tip     4   178 (  -1   -1  175) |      3[seq00004] (   -1    -1    13) |        0.00         140.94        0.029597
     tip     7   176 (  -1   -1  173) |      6[seq00007] (   -1    -1    15) |        0.00         146.91        0.030852
internal    14   180 ( 181  182  168) |      8           (    1     5    29) |       18.54         394.60        0.082865
     tip     2   181 (  -1   -1  180) |      1[seq00002] (   -1    -1     8) |        0.00          18.54        0.003893
     tip     6   182 (  -1   -1  180) |      5[seq00006] (   -1    -1     8) |        0.00          18.54        0.003893
outgroup     9   279 (  -1   -1  155) |     44[outgroup] (   -1    -1    38) |        0.00         476.19        0.100000


Dataset_1 Fragment_7 [361-386]
----------------- Nodes -------------------
  class  label index (left right anc) | NetNode[info]       (left right anc) |        time    time length   branch lenght
---------------------------------------------------------------------------------------------------------------
    root    16   183 ( 187  199   -1) |     38[root]     (   28    29    -1) |      890.20           0.00        0.000000
internal    10   187 ( 193  194  183) |     28           (    7     0    38) |      386.63         503.57        0.105750
     tip     8   193 (  -1   -1  187) |      7[seq00008] (   -1    -1    28) |        0.00         386.63        0.081191
     tip     1   194 (  -1   -1  187) |      0[seq00001] (   -1    -1    28) |        0.00         386.63        0.081191
internal    15   199 ( 202  211  183) |     29           (   19     8    38) |      413.14         477.06        0.100183
internal    13   202 ( 205  204  199) |     19           (    4    15    29) |      224.66         188.47        0.039579
     tip     5   205 (  -1   -1  202) |      4[seq00005] (   -1    -1    19) |        0.00         224.66        0.047179
internal    12   204 ( 206  207  202) |     15           (   13     6    19) |      146.91          77.75        0.016328
internal    11   206 ( 208  209  204) |     13           (    2     3    15) |      140.94           5.97        0.001255
     tip     3   208 (  -1   -1  206) |      2[seq00003] (   -1    -1    13) |        0.00         140.94        0.029597
     tip     4   209 (  -1   -1  206) |      3[seq00004] (   -1    -1    13) |        0.00         140.94        0.029597
     tip     7   207 (  -1   -1  204) |      6[seq00007] (   -1    -1    15) |        0.00         146.91        0.030852
internal    14   211 ( 212  213  199) |      8           (    1     5    29) |       18.54         394.60        0.082865
     tip     2   212 (  -1   -1  211) |      1[seq00002] (   -1    -1     8) |        0.00          18.54        0.003893
     tip     6   213 (  -1   -1  211) |      5[seq00006] (   -1    -1     8) |        0.00          18.54        0.003893
outgroup     9   280 (  -1   -1  183) |     45[outgroup] (   -1    -1    38) |        0.00         476.19        0.100000


Dataset_1 Fragment_8 [387-440]
----------------- Nodes -------------------
  class  label index (left right anc) | NetNode[info]       (left right anc) |        time    time length   branch lenght
---------------------------------------------------------------------------------------------------------------
    root    16   216 ( 222  218   -1) |     36[root]     (   29    28    -1) |      884.33           0.00        0.000000
internal    14   222 ( 225  234  216) |     29           (   19     8    36) |      413.14         471.19        0.098950
internal    12   225 ( 228  227  222) |     19           (    4    15    29) |      224.66         188.47        0.039579
     tip     5   228 (  -1   -1  225) |      4[seq00005] (   -1    -1    19) |        0.00         224.66        0.047179
internal    11   227 ( 229  230  225) |     15           (   13     6    19) |      146.91          77.75        0.016328
internal    10   229 ( 231  232  227) |     13           (    2     3    15) |      140.94           5.97        0.001255
     tip     3   231 (  -1   -1  229) |      2[seq00003] (   -1    -1    13) |        0.00         140.94        0.029597
     tip     4   232 (  -1   -1  229) |      3[seq00004] (   -1    -1    13) |        0.00         140.94        0.029597
     tip     7   230 (  -1   -1  227) |      6[seq00007] (   -1    -1    15) |        0.00         146.91        0.030852
internal    13   234 ( 235  236  222) |      8           (    1     5    29) |       18.54         394.60        0.082865
     tip     2   235 (  -1   -1  234) |      1[seq00002] (   -1    -1     8) |        0.00          18.54        0.003893
     tip     6   236 (  -1   -1  234) |      5[seq00006] (   -1    -1     8) |        0.00          18.54        0.003893
internal    15   218 ( 242  243  216) |     28           (    7     0    36) |      386.63         497.70        0.104517
     tip     8   242 (  -1   -1  218) |      7[seq00008] (   -1    -1    28) |        0.00         386.63        0.081191
     tip     1   243 (  -1   -1  218) |      0[seq00001] (   -1    -1    28) |        0.00         386.63        0.081191
outgroup     9   281 (  -1   -1  216) |     46[outgroup] (   -1    -1    36) |        0.00         476.19        0.100000


Dataset_1 Fragment_9 [441-450]
----------------- Nodes -------------------
  class  label index (left right anc) | NetNode[info]       (left right anc) |        time    time length   branch lenght
---------------------------------------------------------------------------------------------------------------
    root    16   246 ( 252  272   -1) |     36[root]     (   29     0    -1) |      884.33           0.00        0.000000
internal    15   252 ( 255  254  246) |     29           (   19    27    36) |      413.14         471.19        0.098950
internal    12   255 ( 258  257  252) |     19           (    4    15    29) |      224.66         188.47        0.039579
     tip     5   258 (  -1   -1  255) |      4[seq00005] (   -1    -1    19) |        0.00         224.66        0.047179
internal    11   257 ( 259  260  255) |     15           (   13     6    19) |      146.91          77.75        0.016328
internal    10   259 ( 261  262  257) |     13           (    2     3    15) |      140.94           5.97        0.001255
     tip     3   261 (  -1   -1  259) |      2[seq00003] (   -1    -1    13) |        0.00         140.94        0.029597
     tip     4   262 (  -1   -1  259) |      3[seq00004] (   -1    -1    13) |        0.00         140.94        0.029597
     tip     7   260 (  -1   -1  257) |      6[seq00007] (   -1    -1    15) |        0.00         146.91        0.030852
internal    14   254 ( 267  268  252) |     27           (    7     8    29) |      385.94          27.19        0.005711
     tip     8   267 (  -1   -1  254) |      7[seq00008] (   -1    -1    27) |        0.00         385.94        0.081048
internal    13   268 ( 269  270  254) |      8           (    1     5    27) |       18.54         367.40        0.077155
     tip     2   269 (  -1   -1  268) |      1[seq00002] (   -1    -1     8) |        0.00          18.54        0.003893
     tip     6   270 (  -1   -1  268) |      5[seq00006] (   -1    -1     8) |        0.00          18.54        0.003893
     tip     1   272 (  -1   -1  246) |      0[seq00001] (   -1    -1    36) |        0.00         884.33        0.185708
outgroup     9   282 (  -1   -1  246) |     47[outgroup] (   -1    -1    36) |        0.00         476.19        0.100000


Dataset_2 Fragment_1 [1-38]
----------------- Nodes -------------------
  class  label index (left right anc) | NetNode[info]       (left right anc) |        time    time length   branch lenght
---------------------------------------------------------------------------------------------------------------
    root    16     1 (   2   20   -1) |     35[root]     (   34    15    -1) |      925.24           0.00        0.000000
internal    12     2 (   6   16    1) |     34           (   27     5    35) |      892.68          32.56        0.006838
internal    11     6 (   7   12    2) |     27           (    9     4    34) |      546.30         346.38        0.072741
internal    10     7 (   9   10    6) |      9           (    6     3    27) |       21.56         524.74        0.110195
     tip     7     9 (  -1   -1    7) |      6[seq00007] (   -1    -1     9) |        0.00          21.56        0.004527
     tip     4    10 (  -1   -1    7) |      3[seq00004] (   -1    -1     9) |        0.00          21.56        0.004527
     tip     5    12 (  -1   -1    6) |      4[seq00005] (   -1    -1    27) |        0.00         546.30        0.114722
     tip     6    16 (  -1   -1    2) |      5[seq00006] (   -1    -1    34) |        0.00         892.68        0.187463
internal    15    20 (  21   28    1) |     15           (   14     2    35) |      220.93         704.31        0.147905
internal    14    21 (  25   24   20) |     14           (    8     1    15) |      167.06          53.87        0.011313
internal    13    25 (  26   27   21) |      8           (    7     0    14) |       18.54         148.52        0.031189
     tip     8    26 (  -1   -1   25) |      7[seq00008] (   -1    -1     8) |        0.00          18.54        0.003893
     tip     1    27 (  -1   -1   25) |      0[seq00001] (   -1    -1     8) |        0.00          18.54        0.003893
     tip     2    24 (  -1   -1   21) |      1[seq00002] (   -1    -1    14) |        0.00         167.06        0.035082
     tip     3    28 (  -1   -1   20) |      2[seq00003] (   -1    -1    15) |        0.00         220.93        0.046396
outgroup     9   240 (  -1   -1    1) |     36[outgroup] (   -1    -1    35) |        0.00         476.19        0.100000


Dataset_2 Fragment_2 [39-117]
----------------- Nodes -------------------
  class  label index (left right anc) | NetNode[info]       (left right anc) |        time    time length   branch lenght
---------------------------------------------------------------------------------------------------------------
    root    16    29 (  31   54   -1) |     35[root]     (   34    15    -1) |      925.24           0.00        0.000000
internal    14    31 (  35   44   29) |     34           (   27    19    35) |      892.68          32.56        0.006838
internal    11    35 (  36   41   31) |     27           (    9     4    34) |      546.30         346.38        0.072741
internal    10    36 (  38   39   35) |      9           (    6     3    27) |       21.56         524.74        0.110195
     tip     7    38 (  -1   -1   36) |      6[seq00007] (   -1    -1     9) |        0.00          21.56        0.004527
     tip     4    39 (  -1   -1   36) |      3[seq00004] (   -1    -1     9) |        0.00          21.56        0.004527
     tip     5    41 (  -1   -1   35) |      4[seq00005] (   -1    -1    27) |        0.00         546.30        0.114722
internal    13    44 (  48   46   31) |     19           (    8     5    34) |      360.21         532.47        0.111819
internal    12    48 (  49   50   44) |      8           (    7     0    19) |       18.54         341.67        0.071751
     tip     8    49 (  -1   -1   48) |      7[seq00008] (   -1    -1     8) |        0.00          18.54        0.003893
     tip     1    50 (  -1   -1   48) |      0[seq00001] (   -1    -1     8) |        0.00          18.54        0.003893
     tip     6    46 (  -1   -1   44) |      5[seq00006] (   -1    -1    19) |        0.00         360.21        0.075644
internal    15    54 (  57   58   29) |     15           (    1     2    35) |      220.93         704.31        0.147905
     tip     2    57 (  -1   -1   54) |      1[seq00002] (   -1    -1    15) |        0.00         220.93        0.046396
     tip     3    58 (  -1   -1   54) |      2[seq00003] (   -1    -1    15) |        0.00         220.93        0.046396
outgroup     9   241 (  -1   -1   29) |     37[outgroup] (   -1    -1    35) |        0.00         476.19        0.100000


Dataset_2 Fragment_3 [118-156]
----------------- Nodes -------------------
  class  label index (left right anc) | NetNode[info]       (left right anc) |        time    time length   branch lenght
---------------------------------------------------------------------------------------------------------------
    root    16    59 (  61   84   -1) |     35[root]     (   34    15    -1) |      925.24           0.00        0.000000
internal    14    61 (  65   74   59) |     34           (   27    19    35) |      892.68          32.56        0.006838
internal    11    65 (  66   71   61) |     27           (    9     4    34) |      546.30         346.38        0.072741
internal    10    66 (  68   69   65) |      9           (    6     3    27) |       21.56         524.74        0.110195
     tip     7    68 (  -1   -1   66) |      6[seq00007] (   -1    -1     9) |        0.00          21.56        0.004527
     tip     4    69 (  -1   -1   66) |      3[seq00004] (   -1    -1     9) |        0.00          21.56        0.004527
     tip     5    71 (  -1   -1   65) |      4[seq00005] (   -1    -1    27) |        0.00         546.30        0.114722
internal    13    74 (  78   76   61) |     19           (    8     5    34) |      360.21         532.47        0.111819
internal    12    78 (  79   80   74) |      8           (    7     0    19) |       18.54         341.67        0.071751
     tip     8    79 (  -1   -1   78) |      7[seq00008] (   -1    -1     8) |        0.00          18.54        0.003893
     tip     1    80 (  -1   -1   78) |      0[seq00001] (   -1    -1     8) |        0.00          18.54        0.003893
     tip     6    76 (  -1   -1   74) |      5[seq00006] (   -1    -1    19) |        0.00         360.21        0.075644
internal    15    84 (  87   88   59) |     15           (    1     2    35) |      220.93         704.31        0.147905
     tip     2    87 (  -1   -1   84) |      1[seq00002] (   -1    -1    15) |        0.00         220.93        0.046396
     tip     3    88 (  -1   -1   84) |      2[seq00003] (   -1    -1    15) |        0.00         220.93        0.046396
outgroup     9   242 (  -1   -1   59) |     38[outgroup] (   -1    -1    35) |        0.00         476.19        0.100000


Dataset_2 Fragment_4 [157-162]
----------------- Nodes -------------------
  class  label index (left right anc) | NetNode[info]       (left right anc) |        time    time length   branch lenght
---------------------------------------------------------------------------------------------------------------
    root    16    89 (  91  114   -1) |     35[root]     (   34    15    -1) |      925.24           0.00        0.000000
internal    14    91 (  95  103   89) |     34           (   27    20    35) |      892.68          32.56        0.006838
internal    11    95 (  96  101   91) |     27           (    9     4    34) |      546.30         346.38        0.072741
internal    10    96 (  98   99   95) |      9           (    6     3    27) |       21.56         524.74        0.110195
     tip     7    98 (  -1   -1   96) |      6[seq00007] (   -1    -1     9) |        0.00          21.56        0.004527
     tip     4    99 (  -1   -1   96) |      3[seq00004] (   -1    -1     9) |        0.00          21.56        0.004527
     tip     5   101 (  -1   -1   95) |      4[seq00005] (   -1    -1    27) |        0.00         546.30        0.114722
internal    13   103 ( 106  108   91) |     20           (    5     8    34) |      474.98         417.70        0.087718
     tip     6   106 (  -1   -1  103) |      5[seq00006] (   -1    -1    20) |        0.00         474.98        0.099745
internal    12   108 ( 109  110  103) |      8           (    7     0    20) |       18.54         456.44        0.095852
     tip     8   109 (  -1   -1  108) |      7[seq00008] (   -1    -1     8) |        0.00          18.54        0.003893
     tip     1   110 (  -1   -1  108) |      0[seq00001] (   -1    -1     8) |        0.00          18.54        0.003893
internal    15   114 ( 117  118   89) |     15           (    1     2    35) |      220.93         704.31        0.147905
     tip     2   117 (  -1   -1  114) |      1[seq00002] (   -1    -1    15) |        0.00         220.93        0.046396
     tip     3   118 (  -1   -1  114) |      2[seq00003] (   -1    -1    15) |        0.00         220.93        0.046396
outgroup     9   243 (  -1   -1   89) |     39[outgroup] (   -1    -1    35) |        0.00         476.19        0.100000


Dataset_2 Fragment_5 [163-192]
----------------- Nodes -------------------
  class  label index (left right anc) | NetNode[info]       (left right anc) |        time    time length   branch lenght
---------------------------------------------------------------------------------------------------------------
    root    16   119 ( 123  144   -1) |     35[root]     (   30    15    -1) |      925.24           0.00        0.000000
internal    14   123 ( 127  125  119) |     30           (   20    27    35) |      672.18         253.06        0.053142
internal    11   127 ( 130  132  123) |     20           (    5     8    30) |      474.98         197.21        0.041413
     tip     6   130 (  -1   -1  127) |      5[seq00006] (   -1    -1    20) |        0.00         474.98        0.099745
internal    10   132 ( 133  134  127) |      8           (    7     0    20) |       18.54         456.44        0.095852
     tip     8   133 (  -1   -1  132) |      7[seq00008] (   -1    -1     8) |        0.00          18.54        0.003893
     tip     1   134 (  -1   -1  132) |      0[seq00001] (   -1    -1     8) |        0.00          18.54        0.003893
internal    13   125 ( 135  140  123) |     27           (    9     4    30) |      546.30         125.89        0.026436
internal    12   135 ( 137  138  125) |      9           (    6     3    27) |       21.56         524.74        0.110195
     tip     7   137 (  -1   -1  135) |      6[seq00007] (   -1    -1     9) |        0.00          21.56        0.004527
     tip     4   138 (  -1   -1  135) |      3[seq00004] (   -1    -1     9) |        0.00          21.56        0.004527
     tip     5   140 (  -1   -1  125) |      4[seq00005] (   -1    -1    27) |        0.00         546.30        0.114722
internal    15   144 ( 147  148  119) |     15           (    1     2    35) |      220.93         704.31        0.147905
     tip     2   147 (  -1   -1  144) |      1[seq00002] (   -1    -1    15) |        0.00         220.93        0.046396
     tip     3   148 (  -1   -1  144) |      2[seq00003] (   -1    -1    15) |        0.00         220.93        0.046396
outgroup     9   244 (  -1   -1  119) |     40[outgroup] (   -1    -1    35) |        0.00         476.19        0.100000


Dataset_2 Fragment_6 [193-375]
----------------- Nodes -------------------
  class  label index (left right anc) | NetNode[info]       (left right anc) |        time    time length   branch lenght
---------------------------------------------------------------------------------------------------------------
    root    16   149 ( 153  174   -1) |     35[root]     (   30    15    -1) |      925.24           0.00        0.000000
internal    14   153 ( 157  155  149) |     30           (   20    27    35) |      672.18         253.06        0.053142
internal    11   157 ( 160  162  153) |     20           (    5     8    30) |      474.98         197.21        0.041413
     tip     6   160 (  -1   -1  157) |      5[seq00006] (   -1    -1    20) |        0.00         474.98        0.099745
internal    10   162 ( 163  164  157) |      8           (    7     0    20) |       18.54         456.44        0.095852
     tip     8   163 (  -1   -1  162) |      7[seq00008] (   -1    -1     8) |        0.00          18.54        0.003893
     tip     1   164 (  -1   -1  162) |      0[seq00001] (   -1    -1     8) |        0.00          18.54        0.003893
internal    13   155 ( 165  170  153) |     27           (    9     4    30) |      546.30         125.89        0.026436
internal    12   165 ( 167  168  155) |      9           (    6     3    27) |       21.56         524.74        0.110195
     tip     7   167 (  -1   -1  165) |      6[seq00007] (   -1    -1     9) |        0.00          21.56        0.004527
     tip     4   168 (  -1   -1  165) |      3[seq00004] (   -1    -1     9) |        0.00          21.56        0.004527
     tip     5   170 (  -1   -1  155) |      4[seq00005] (   -1    -1    27) |        0.00         546.30        0.114722
internal    15   174 ( 177  178  149) |     15           (    1     2    35) |      220.93         704.31        0.147905
     tip     2   177 (  -1   -1  174) |      1[seq00002] (   -1    -1    15) |        0.00         220.93        0.046396
     tip     3   178 (  -1   -1  174) |      2[seq00003] (   -1    -1    15) |        0.00         220.93        0.046396
outgroup     9   245 (  -1   -1  149) |     41[outgroup] (   -1    -1    35) |        0.00         476.19        0.100000


Dataset_2 Fragment_7 [376-395]
----------------- Nodes -------------------
  class  label index (left right anc) | NetNode[info]       (left right anc) |        time    time length   branch lenght
---------------------------------------------------------------------------------------------------------------
    root    16   179 ( 183  204   -1) |     35[root]     (   30    15    -1) |      925.24           0.00        0.000000
internal    14   183 ( 186  198  179) |     30           (   23     9    35) |      672.18         253.06        0.053142
internal    12   186 ( 190  188  183) |     23           (    4    20    30) |      503.29         168.90        0.035468
     tip     5   190 (  -1   -1  186) |      4[seq00005] (   -1    -1    23) |        0.00         503.29        0.105690
internal    11   188 ( 193  195  186) |     20           (    5     8    23) |      474.98          28.31        0.005945
     tip     6   193 (  -1   -1  188) |      5[seq00006] (   -1    -1    20) |        0.00         474.98        0.099745
internal    10   195 ( 196  197  188) |      8           (    7     0    20) |       18.54         456.44        0.095852
     tip     8   196 (  -1   -1  195) |      7[seq00008] (   -1    -1     8) |        0.00          18.54        0.003893
     tip     1   197 (  -1   -1  195) |      0[seq00001] (   -1    -1     8) |        0.00          18.54        0.003893
internal    13   198 ( 199  200  183) |      9           (    6     3    30) |       21.56         650.63        0.136632
     tip     7   199 (  -1   -1  198) |      6[seq00007] (   -1    -1     9) |        0.00          21.56        0.004527
     tip     4   200 (  -1   -1  198) |      3[seq00004] (   -1    -1     9) |        0.00          21.56        0.004527
internal    15   204 ( 207  208  179) |     15           (    1     2    35) |      220.93         704.31        0.147905
     tip     2   207 (  -1   -1  204) |      1[seq00002] (   -1    -1    15) |        0.00         220.93        0.046396
     tip     3   208 (  -1   -1  204) |      2[seq00003] (   -1    -1    15) |        0.00         220.93        0.046396
outgroup     9   246 (  -1   -1  179) |     42[outgroup] (   -1    -1    35) |        0.00         476.19        0.100000


Dataset_2 Fragment_8 [396-450]
----------------- Nodes -------------------
  class  label index (left right anc) | NetNode[info]       (left right anc) |        time    time length   branch lenght
---------------------------------------------------------------------------------------------------------------
    root    16   209 ( 213  238   -1) |     35[root]     (   30     1    -1) |      925.24           0.00        0.000000
internal    15   213 ( 216  230  209) |     30           (   23     9    35) |      672.18         253.06        0.053142
internal    13   216 ( 219  218  213) |     23           (   16    20    30) |      503.29         168.90        0.035468
internal    10   219 ( 222  221  216) |     16           (    2     4    23) |      240.42         262.87        0.055202
     tip     3   222 (  -1   -1  219) |      2[seq00003] (   -1    -1    16) |        0.00         240.42        0.050488
     tip     5   221 (  -1   -1  219) |      4[seq00005] (   -1    -1    16) |        0.00         240.42        0.050488
internal    12   218 ( 225  227  216) |     20           (    5     8    23) |      474.98          28.31        0.005945
     tip     6   225 (  -1   -1  218) |      5[seq00006] (   -1    -1    20) |        0.00         474.98        0.099745
internal    11   227 ( 228  229  218) |      8           (    7     0    20) |       18.54         456.44        0.095852
     tip     8   228 (  -1   -1  227) |      7[seq00008] (   -1    -1     8) |        0.00          18.54        0.003893
     tip     1   229 (  -1   -1  227) |      0[seq00001] (   -1    -1     8) |        0.00          18.54        0.003893
internal    14   230 ( 231  232  213) |      9           (    6     3    30) |       21.56         650.63        0.136632
     tip     7   231 (  -1   -1  230) |      6[seq00007] (   -1    -1     9) |        0.00          21.56        0.004527
     tip     4   232 (  -1   -1  230) |      3[seq00004] (   -1    -1     9) |        0.00          21.56        0.004527
     tip     2   238 (  -1   -1  209) |      1[seq00002] (   -1    -1    35) |        0.00         925.24        0.194300
outgroup     9   247 (  -1   -1  209) |     43[outgroup] (   -1    -1    35) |        0.00         476.19        0.100000
